Nsa[(1, 1, 0)]: [54. 40.]
Nsa[(1, 1, 1)]: [57. 57.]
Nsa[(1, 1, 2)]: [25. 86.]
Nsa[(1, 1, 3)]: [59. 61.]
Nsa[(1, 2, 0)]: [55. 48.]
Nsa[(1, 2, 1)]: [20. 78.]
Nsa[(1, 2, 2)]: [68. 51.]
Nsa[(1, 2, 3)]: [55. 64.]
Nsa[(1, 3, 0)]: [14. 82.]
Nsa[(1, 3, 1)]: [71. 79.]
Nsa[(1, 3, 2)]: [56. 61.]
Nsa[(1, 3, 3)]: [21. 75.]
Nsa[(1, 5, 0)]: [62. 77.]
Nsa[(1, 5, 1)]: [67. 80.]
Nsa[(1, 5, 2)]: [18. 66.]
Nsa[(1, 5, 3)]: [54. 73.]
Nsa[(1, 6, 0)]: [68. 79.]
Nsa[(1, 6, 1)]: [19. 86.]
Nsa[(1, 6, 2)]: [104.  41.]
Nsa[(1, 6, 3)]: [77. 80.]
Nsa[(1, 7, 0)]: [12. 78.]
Nsa[(1, 7, 1)]: [  1. 150.]
Nsa[(1, 7, 2)]: [ 38. 111.]
Nsa[(1, 7, 3)]: [ 5. 87.]
Nsa[(1, 9, 0)]: [80. 88.]
Nsa[(1, 9, 1)]: [ 63. 102.]
Nsa[(1, 9, 2)]: [17. 82.]
Nsa[(1, 9, 3)]: [ 83. 101.]
Nsa[(1, 10, 0)]: [82. 82.]
Nsa[(1, 10, 1)]: [18. 72.]
Nsa[(1, 10, 2)]: [193.   1.]
Nsa[(1, 10, 3)]: [87. 92.]
Nsa[(1, 11, 0)]: [  1. 248.]
Nsa[(1, 11, 1)]: [  1. 187.]
Nsa[(1, 11, 2)]: [ 82. 130.]
Nsa[(1, 11, 3)]: [87. 91.]
Nsa[(1, 12, 0)]: [117. 132.]
Nsa[(1, 12, 1)]: [98. 95.]
Nsa[(1, 12, 2)]: [102. 148.]
Nsa[(1, 12, 3)]: [121.  97.]
Nsa[(1, 13, 0)]: [  8. 246.]
Nsa[(1, 13, 1)]: [  2. 217.]
Nsa[(1, 13, 2)]: [47. 46.]
Nsa[(1, 13, 3)]: [50. 56.]
Nsa[(1, 14, 0)]: [ 7. 94.]
Nsa[(1, 14, 1)]: [62. 50.]
Nsa[(1, 14, 2)]: [62. 61.]
Nsa[(1, 14, 3)]: [21. 75.]
Nsa[(1, 15, 0)]: [55. 58.]
Nsa[(1, 15, 1)]: [54. 50.]
Nsa[(1, 15, 2)]: [23. 90.]
Nsa[(1, 15, 3)]: [64. 54.]
Nsa[(2, 1, 0)]: [64. 58.]
Nsa[(2, 1, 1)]: [26. 55.]
Nsa[(2, 1, 2)]: [58. 65.]
Nsa[(2, 1, 3)]: [62. 65.]
Nsa[(2, 2, 0)]: [ 9. 87.]
Nsa[(2, 2, 1)]: [79. 80.]
Nsa[(2, 2, 2)]: [69. 82.]
Nsa[(2, 2, 3)]: [18. 78.]
Nsa[(2, 3, 0)]: [71. 88.]
Nsa[(2, 3, 1)]: [61. 83.]
Nsa[(2, 3, 2)]: [21. 92.]
Nsa[(2, 3, 3)]: [87. 88.]
Nsa[(2, 4, 0)]: [81. 81.]
Nsa[(2, 4, 1)]: [22. 76.]
Nsa[(2, 4, 2)]: [83. 85.]
Nsa[(2, 4, 3)]: [90. 54.]
Nsa[(2, 6, 0)]: [ 8. 86.]
Nsa[(2, 6, 1)]: [86. 94.]
Nsa[(2, 6, 2)]: [106.  62.]
Nsa[(2, 6, 3)]: [14. 78.]
Nsa[(2, 7, 0)]: [110.  95.]
Nsa[(2, 7, 1)]: [108. 111.]
Nsa[(2, 7, 2)]: [  2. 225.]
Nsa[(2, 7, 3)]: [100.  85.]
Nsa[(2, 8, 0)]: [161.  64.]
Nsa[(2, 8, 1)]: [108.  91.]
Nsa[(2, 8, 2)]: [110. 118.]
Nsa[(2, 8, 3)]: [ 97. 111.]
Nsa[(2, 9, 0)]: [  1. 255.]
Nsa[(2, 9, 1)]: [ 97. 112.]
Nsa[(2, 9, 2)]: [  1. 262.]
Nsa[(2, 9, 3)]: [117. 115.]
Nsa[(2, 10, 0)]: [49. 49.]
Nsa[(2, 10, 1)]: [68. 57.]
Nsa[(2, 10, 2)]: [28. 83.]
Nsa[(2, 10, 3)]: [62. 53.]
Nsa[(2, 11, 0)]: [75. 30.]
Nsa[(2, 11, 1)]: [27. 77.]
Nsa[(2, 11, 2)]: [66. 60.]
Nsa[(2, 11, 3)]: [55. 54.]
Nsa[(2, 12, 0)]: [24. 66.]
Nsa[(2, 12, 1)]: [70. 61.]
Nsa[(2, 12, 2)]: [54. 67.]
Nsa[(2, 12, 3)]: [14. 70.]
Nsa[(2, 13, 0)]: [66. 72.]
Nsa[(2, 13, 1)]: [125.   1.]
Nsa[(2, 13, 2)]: [19. 84.]
Nsa[(2, 13, 3)]: [68. 69.]
Nsa[(2, 14, 0)]: [  1. 137.]
Nsa[(2, 14, 1)]: [15. 72.]
Nsa[(2, 14, 2)]: [80. 62.]
Nsa[(2, 14, 3)]: [95. 84.]
Nsa[(2, 15, 0)]: [23. 80.]
Nsa[(2, 15, 1)]: [138.  23.]
Nsa[(2, 15, 2)]: [80. 85.]
Nsa[(2, 15, 3)]: [11. 87.]
Nsa[(3, 1, 0)]: [94. 86.]
Nsa[(3, 1, 1)]: [83. 85.]
Nsa[(3, 1, 2)]: [18. 78.]
Nsa[(3, 1, 3)]: [91. 86.]
Nsa[(3, 2, 0)]: [76. 85.]
Nsa[(3, 2, 1)]: [14. 66.]
Nsa[(3, 2, 2)]: [ 83. 117.]
Nsa[(3, 2, 3)]: [98. 98.]
Nsa[(3, 3, 0)]: [142.  87.]
Nsa[(3, 3, 1)]: [ 78. 122.]
Nsa[(3, 3, 2)]: [139.  85.]
Nsa[(3, 3, 3)]: [ 78. 104.]
Nsa[(3, 4, 0)]: [  1. 240.]
Nsa[(3, 4, 1)]: [ 92. 104.]
Nsa[(3, 4, 2)]: [  2. 264.]
Nsa[(3, 4, 3)]: [ 98. 101.]
Nsa[(3, 6, 0)]: [142. 121.]
Nsa[(3, 6, 1)]: [ 49. 166.]
Nsa[(3, 6, 2)]: [39. 54.]
Nsa[(3, 6, 3)]: [59. 62.]
Nsa[(3, 7, 0)]: [35. 81.]
Nsa[(3, 7, 1)]: [59. 54.]
Nsa[(3, 7, 2)]: [46. 55.]
Nsa[(3, 7, 3)]: [26. 81.]
Nsa[(3, 8, 0)]: [70. 71.]
Nsa[(3, 8, 1)]: [96. 14.]
Nsa[(3, 8, 2)]: [24. 93.]
Nsa[(3, 8, 3)]: [81. 76.]
Nsa[(3, 9, 0)]: [76. 45.]
Nsa[(3, 9, 1)]: [23. 83.]
Nsa[(3, 9, 2)]: [80. 85.]
Nsa[(3, 9, 3)]: [84. 69.]
Nsa[(3, 10, 0)]: [29. 89.]
Nsa[(3, 10, 1)]: [85. 79.]
Nsa[(3, 10, 2)]: [80. 68.]
Nsa[(3, 10, 3)]: [27. 81.]
Nsa[(3, 11, 0)]: [81. 81.]
Nsa[(3, 11, 1)]: [  1. 170.]
Nsa[(3, 11, 2)]: [17. 62.]
Nsa[(3, 11, 3)]: [103.  62.]
Nsa[(3, 12, 0)]: [ 37. 134.]
Nsa[(3, 12, 1)]: [20. 87.]
Nsa[(3, 12, 2)]: [  1. 204.]
Nsa[(3, 12, 3)]: [57. 95.]
Nsa[(3, 13, 0)]: [12. 80.]
Nsa[(3, 13, 1)]: [100. 108.]
Nsa[(3, 13, 2)]: [85. 86.]
Nsa[(3, 13, 3)]: [18. 75.]
Nsa[(3, 14, 0)]: [103. 102.]
Nsa[(3, 14, 1)]: [90. 92.]
Nsa[(3, 14, 2)]: [122. 100.]
Nsa[(3, 14, 3)]: [91. 78.]
Nsa[(3, 15, 0)]: [106. 165.]
Nsa[(3, 15, 1)]: [90. 93.]
Nsa[(3, 15, 2)]: [ 39. 214.]
Nsa[(3, 15, 3)]: [91. 95.]
Nsa[(4, 1, 0)]: [ 86. 214.]
Nsa[(4, 1, 1)]: [135. 101.]
Nsa[(4, 1, 2)]: [ 27. 244.]
Nsa[(4, 1, 3)]: [100. 105.]
Nsa[(4, 2, 0)]: [59. 37.]
Nsa[(4, 2, 1)]: [59. 68.]
Nsa[(4, 2, 2)]: [26. 78.]
Nsa[(4, 2, 3)]: [46. 69.]
Nsa[(4, 3, 0)]: [60. 64.]
Nsa[(4, 3, 1)]: [23. 86.]
Nsa[(4, 3, 2)]: [57. 55.]
Nsa[(4, 3, 3)]: [58. 62.]
Nsa[(4, 4, 0)]: [37. 83.]
Nsa[(4, 4, 1)]: [64. 64.]
Nsa[(4, 4, 2)]: [58. 70.]
Nsa[(4, 4, 3)]: [33. 63.]
Nsa[(4, 6, 0)]: [61. 81.]
Nsa[(4, 6, 1)]: [77. 60.]
Nsa[(4, 6, 2)]: [24. 60.]
Nsa[(4, 6, 3)]: [78. 77.]
Nsa[(4, 7, 0)]: [71. 70.]
Nsa[(4, 7, 1)]: [20. 73.]
Nsa[(4, 7, 2)]: [77. 83.]
Nsa[(4, 7, 3)]: [83. 85.]
Nsa[(4, 8, 0)]: [14. 78.]
Nsa[(4, 8, 1)]: [ 10. 170.]
Nsa[(4, 8, 2)]: [78. 78.]
Nsa[(4, 8, 3)]: [13. 84.]
Nsa[(4, 9, 0)]: [90. 90.]
Nsa[(4, 9, 1)]: [89. 91.]
Nsa[(4, 9, 2)]: [31. 63.]
Nsa[(4, 9, 3)]: [105. 101.]
Nsa[(4, 10, 0)]: [80. 80.]
Nsa[(4, 10, 1)]: [25. 67.]
Nsa[(4, 10, 2)]: [127. 112.]
Nsa[(4, 10, 3)]: [107. 103.]
Nsa[(4, 11, 0)]: [135.  92.]
Nsa[(4, 11, 1)]: [  1. 197.]
Nsa[(4, 11, 2)]: [ 90. 140.]
Nsa[(4, 11, 3)]: [134.  69.]
Nsa[(4, 12, 0)]: [136.  99.]
Nsa[(4, 12, 1)]: [ 42. 147.]
Nsa[(4, 12, 2)]: [111. 152.]
Nsa[(4, 12, 3)]: [117. 100.]
Nsa[(4, 13, 0)]: [262.   2.]
Nsa[(4, 13, 1)]: [ 95. 120.]
Nsa[(4, 13, 2)]: [44. 50.]
Nsa[(4, 13, 3)]: [62. 67.]
Nsa[(4, 14, 0)]: [33. 82.]
Nsa[(4, 14, 1)]: [62. 59.]
Nsa[(4, 14, 2)]: [46. 54.]
Nsa[(4, 14, 3)]: [34. 79.]
Nsa[(4, 15, 0)]: [62. 60.]
Nsa[(4, 15, 1)]: [52. 61.]
Nsa[(4, 15, 2)]: [31. 65.]
Nsa[(4, 15, 3)]: [79. 77.]
Nsa[(5, 1, 0)]: [38. 59.]
Nsa[(5, 1, 1)]: [32. 78.]
Nsa[(5, 1, 2)]: [64. 63.]
Nsa[(5, 1, 3)]: [86. 80.]
Nsa[(5, 2, 0)]: [25. 90.]
Nsa[(5, 2, 1)]: [76. 73.]
Nsa[(5, 2, 2)]: [77. 71.]
Nsa[(5, 2, 3)]: [20. 77.]
Nsa[(5, 3, 0)]: [98. 80.]
Nsa[(5, 3, 1)]: [85. 87.]
Nsa[(5, 3, 2)]: [24. 87.]
Nsa[(5, 3, 3)]: [98. 90.]
Nsa[(5, 4, 0)]: [74. 75.]
Nsa[(5, 4, 1)]: [37. 80.]
Nsa[(5, 4, 2)]: [103.  76.]
Nsa[(5, 4, 3)]: [ 83. 105.]
Nsa[(5, 6, 0)]: [17. 84.]
Nsa[(5, 6, 1)]: [110.  86.]
Nsa[(5, 6, 2)]: [91. 92.]
Nsa[(5, 6, 3)]: [23. 92.]
Nsa[(5, 7, 0)]: [ 91. 123.]
Nsa[(5, 7, 1)]: [215.   1.]
Nsa[(5, 7, 2)]: [  1. 237.]
Nsa[(5, 7, 3)]: [73. 79.]
Nsa[(5, 8, 0)]: [104. 132.]
Nsa[(5, 8, 1)]: [  1. 202.]
Nsa[(5, 8, 2)]: [129. 144.]
Nsa[(5, 8, 3)]: [91. 98.]
Nsa[(5, 9, 0)]: [ 88. 176.]
Nsa[(5, 9, 1)]: [244.   1.]
Nsa[(5, 9, 2)]: [119. 116.]
Nsa[(5, 9, 3)]: [108. 113.]
Nsa[(5, 10, 0)]: [40. 46.]
Nsa[(5, 10, 1)]: [76. 47.]
Nsa[(5, 10, 2)]: [13. 79.]
Nsa[(5, 10, 3)]: [69. 59.]
Nsa[(5, 11, 0)]: [  1. 112.]
Nsa[(5, 11, 1)]: [26. 82.]
Nsa[(5, 11, 2)]: [54. 54.]
Nsa[(5, 11, 3)]: [58. 63.]
Nsa[(5, 12, 0)]: [20. 81.]
Nsa[(5, 12, 1)]: [67. 70.]
Nsa[(5, 12, 2)]: [66. 77.]
Nsa[(5, 12, 3)]: [33. 81.]
Nsa[(5, 13, 0)]: [72. 73.]
Nsa[(5, 13, 1)]: [88. 78.]
Nsa[(5, 13, 2)]: [37. 83.]
Nsa[(5, 13, 3)]: [66. 86.]
Nsa[(5, 14, 0)]: [71. 92.]
Nsa[(5, 14, 1)]: [12. 80.]
Nsa[(5, 14, 2)]: [157.   1.]
Nsa[(5, 14, 3)]: [75. 84.]
Nsa[(5, 15, 0)]: [10. 72.]
Nsa[(5, 15, 1)]: [91. 92.]
Nsa[(5, 15, 2)]: [93. 99.]
Nsa[(5, 15, 3)]: [27. 89.]
Nsa[(6, 1, 0)]: [92. 89.]
Nsa[(6, 1, 1)]: [88. 86.]
Nsa[(6, 1, 2)]: [20. 82.]
Nsa[(6, 1, 3)]: [99. 78.]
Nsa[(6, 2, 0)]: [83. 87.]
Nsa[(6, 2, 1)]: [22. 89.]
Nsa[(6, 2, 2)]: [106.  94.]
Nsa[(6, 2, 3)]: [88. 99.]
Nsa[(6, 3, 0)]: [124.  99.]
Nsa[(6, 3, 1)]: [  1. 181.]
Nsa[(6, 3, 2)]: [220.   2.]
Nsa[(6, 3, 3)]: [ 83. 103.]
Nsa[(6, 4, 0)]: [116. 135.]
Nsa[(6, 4, 1)]: [114.  94.]
Nsa[(6, 4, 2)]: [149. 123.]
Nsa[(6, 4, 3)]: [  1. 223.]
Nsa[(6, 6, 0)]: [158. 132.]
Nsa[(6, 6, 1)]: [124.  93.]
Nsa[(6, 6, 2)]: [50. 46.]
Nsa[(6, 6, 3)]: [72. 73.]
Nsa[(6, 7, 0)]: [50. 89.]
Nsa[(6, 7, 1)]: [55. 69.]
Nsa[(6, 7, 2)]: [48. 58.]
Nsa[(6, 7, 3)]: [18. 92.]
Nsa[(6, 8, 0)]: [61. 70.]
Nsa[(6, 8, 1)]: [61. 57.]
Nsa[(6, 8, 2)]: [40. 76.]
Nsa[(6, 8, 3)]: [59. 73.]
Nsa[(6, 9, 0)]: [59. 67.]
Nsa[(6, 9, 1)]: [56. 72.]
Nsa[(6, 9, 2)]: [74. 84.]
Nsa[(6, 9, 3)]: [67. 60.]
Nsa[(6, 10, 0)]: [34. 78.]
Nsa[(6, 10, 1)]: [82. 87.]
Nsa[(6, 10, 2)]: [66. 81.]
Nsa[(6, 10, 3)]: [35. 78.]
Nsa[(6, 11, 0)]: [96. 92.]
Nsa[(6, 11, 1)]: [73. 75.]
Nsa[(6, 11, 2)]: [54. 78.]
Nsa[(6, 11, 3)]: [ 91. 118.]
Nsa[(6, 12, 0)]: [82. 85.]
Nsa[(6, 12, 1)]: [33. 74.]
Nsa[(6, 12, 2)]: [110. 110.]
Nsa[(6, 12, 3)]: [84. 85.]
Nsa[(6, 13, 0)]: [ 36. 103.]
Nsa[(6, 13, 1)]: [  1. 185.]
Nsa[(6, 13, 2)]: [96. 95.]
Nsa[(6, 13, 3)]: [20. 84.]
Nsa[(6, 14, 0)]: [  2. 229.]
Nsa[(6, 14, 1)]: [ 79. 108.]
Nsa[(6, 14, 2)]: [146.  93.]
Nsa[(6, 14, 3)]: [  1. 162.]
Nsa[(6, 15, 0)]: [112. 149.]
Nsa[(6, 15, 1)]: [  1. 197.]
Nsa[(6, 15, 2)]: [108. 116.]
Nsa[(6, 15, 3)]: [ 94. 105.]
Nsa[(7, 2, 0)]: [  1. 264.]
Nsa[(7, 2, 1)]: [224.   2.]
Nsa[(7, 2, 2)]: [146. 140.]
Nsa[(7, 2, 3)]: [118.  94.]
Nsa[(7, 3, 0)]: [48. 52.]
Nsa[(7, 3, 1)]: [66. 62.]
Nsa[(7, 3, 2)]: [36. 72.]
Nsa[(7, 3, 3)]: [54. 45.]
Nsa[(7, 4, 0)]: [83. 78.]
Nsa[(7, 4, 1)]: [ 21. 109.]
Nsa[(7, 4, 2)]: [62. 60.]
Nsa[(7, 4, 3)]: [65. 73.]
Nsa[(7, 6, 0)]: [28. 96.]
Nsa[(7, 6, 1)]: [55. 70.]
Nsa[(7, 6, 2)]: [64. 71.]
Nsa[(7, 6, 3)]: [23. 84.]
Nsa[(7, 7, 0)]: [67. 69.]
Nsa[(7, 7, 1)]: [69. 66.]
Nsa[(7, 7, 2)]: [33. 82.]
Nsa[(7, 7, 3)]: [74. 74.]
Nsa[(7, 8, 0)]: [85. 78.]
Nsa[(7, 8, 1)]: [22. 78.]
Nsa[(7, 8, 2)]: [82. 90.]
Nsa[(7, 8, 3)]: [80. 80.]
Nsa[(7, 9, 0)]: [16. 85.]
Nsa[(7, 9, 1)]: [84. 70.]
Nsa[(7, 9, 2)]: [ 96. 101.]
Nsa[(7, 9, 3)]: [ 18. 107.]
Nsa[(7, 10, 0)]: [ 80. 106.]
Nsa[(7, 10, 1)]: [79. 82.]
Nsa[(7, 10, 2)]: [25. 82.]
Nsa[(7, 10, 3)]: [ 85. 123.]
Nsa[(7, 11, 0)]: [88. 88.]
Nsa[(7, 11, 1)]: [ 10. 115.]
Nsa[(7, 11, 2)]: [ 89. 104.]
Nsa[(7, 11, 3)]: [ 94. 114.]
Nsa[(7, 12, 0)]: [ 57. 175.]
Nsa[(7, 12, 1)]: [ 71. 122.]
Nsa[(7, 12, 2)]: [115.  95.]
Nsa[(7, 12, 3)]: [ 99. 105.]
Nsa[(7, 13, 0)]: [138. 114.]
Nsa[(7, 13, 1)]: [121.  80.]
Nsa[(7, 13, 2)]: [140. 105.]
Nsa[(7, 13, 3)]: [  1. 200.]
Nsa[(7, 14, 0)]: [  1. 241.]
Nsa[(7, 14, 1)]: [  1. 194.]
Nsa[(7, 14, 2)]: [49. 47.]
Nsa[(7, 14, 3)]: [74. 59.]
Nsa[(7, 15, 0)]: [44. 82.]
Nsa[(7, 15, 1)]: [47. 90.]
Nsa[(7, 15, 2)]: [50. 52.]
Nsa[(7, 15, 3)]: [33. 81.]
Nsa[(8, 1, 0)]: [71. 66.]
Nsa[(8, 1, 1)]: [55. 67.]
Nsa[(8, 1, 2)]: [ 30. 103.]
Nsa[(8, 1, 3)]: [79. 67.]
Nsa[(8, 2, 0)]: [98. 59.]
Nsa[(8, 2, 1)]: [44. 96.]
Nsa[(8, 2, 2)]: [77. 72.]
Nsa[(8, 2, 3)]: [69. 70.]
Nsa[(8, 3, 0)]: [35. 78.]
Nsa[(8, 3, 1)]: [79. 99.]
Nsa[(8, 3, 2)]: [79. 68.]
Nsa[(8, 3, 3)]: [56. 81.]
Nsa[(8, 4, 0)]: [114.  92.]
Nsa[(8, 4, 1)]: [  1. 162.]
Nsa[(8, 4, 2)]: [65. 69.]
Nsa[(8, 4, 3)]: [106. 121.]
Nsa[(8, 6, 0)]: [89. 90.]
Nsa[(8, 6, 1)]: [72. 51.]
Nsa[(8, 6, 2)]: [  1. 165.]
Nsa[(8, 6, 3)]: [87. 86.]
Nsa[(8, 8, 0)]: [30. 77.]
Nsa[(8, 8, 1)]: [227.   1.]
Nsa[(8, 8, 2)]: [96. 95.]
Nsa[(8, 8, 3)]: [ 14. 124.]
Nsa[(8, 9, 0)]: [130.  75.]
Nsa[(8, 9, 1)]: [103. 104.]
Nsa[(8, 9, 2)]: [184.  67.]
Nsa[(8, 9, 3)]: [104.  87.]
Nsa[(8, 10, 0)]: [247.   1.]
Nsa[(8, 10, 1)]: [  1. 181.]
Nsa[(8, 10, 2)]: [  1. 256.]
Nsa[(8, 10, 3)]: [108. 118.]
Nsa[(8, 11, 0)]: [119. 166.]
Nsa[(8, 11, 1)]: [121.  82.]
Nsa[(8, 11, 2)]: [289.   1.]
Nsa[(8, 11, 3)]: [ 52. 162.]
Nsa[(8, 12, 0)]: [43. 37.]
Nsa[(8, 12, 1)]: [68. 57.]
Nsa[(8, 12, 2)]: [36. 84.]
Nsa[(8, 12, 3)]: [52. 62.]
Nsa[(8, 13, 0)]: [64. 49.]
Nsa[(8, 13, 1)]: [28. 98.]
Nsa[(8, 13, 2)]: [63. 62.]
Nsa[(8, 13, 3)]: [49. 62.]
Nsa[(8, 14, 0)]: [14. 92.]
Nsa[(8, 14, 1)]: [69. 65.]
Nsa[(8, 14, 2)]: [62. 66.]
Nsa[(8, 14, 3)]: [18. 95.]
Nsa[(8, 15, 0)]: [81. 63.]
Nsa[(8, 15, 1)]: [65. 64.]
Nsa[(8, 15, 2)]: [17. 94.]
Nsa[(8, 15, 3)]: [76. 73.]
Nsa[(9, 1, 0)]: [86. 69.]
Nsa[(9, 1, 1)]: [19. 97.]
Nsa[(9, 1, 2)]: [91. 94.]
Nsa[(9, 1, 3)]: [ 47. 106.]
Nsa[(9, 2, 0)]: [ 22. 110.]
Nsa[(9, 2, 1)]: [88. 39.]
Nsa[(9, 2, 2)]: [70. 78.]
Nsa[(9, 2, 3)]: [ 3. 90.]
Nsa[(9, 3, 0)]: [ 62. 140.]
Nsa[(9, 3, 1)]: [89. 86.]
Nsa[(9, 3, 2)]: [ 18. 109.]
Nsa[(9, 3, 3)]: [186.   1.]
Nsa[(9, 4, 0)]: [76. 77.]
Nsa[(9, 4, 1)]: [15. 96.]
Nsa[(9, 4, 2)]: [125. 116.]
Nsa[(9, 4, 3)]: [105. 105.]
Nsa[(9, 6, 0)]: [  1. 233.]
Nsa[(9, 6, 1)]: [145.  43.]
Nsa[(9, 6, 2)]: [241.  10.]
Nsa[(9, 6, 3)]: [91. 90.]
Nsa[(9, 7, 0)]: [139. 101.]
Nsa[(9, 7, 1)]: [128.  72.]
Nsa[(9, 7, 2)]: [175.  96.]
Nsa[(9, 7, 3)]: [  1. 206.]
Nsa[(9, 8, 0)]: [116. 147.]
Nsa[(9, 8, 1)]: [101. 127.]
Nsa[(9, 8, 2)]: [45. 45.]
Nsa[(9, 8, 3)]: [79. 63.]
Nsa[(9, 9, 0)]: [42. 77.]
Nsa[(9, 9, 1)]: [74. 81.]
Nsa[(9, 9, 2)]: [58. 67.]
Nsa[(9, 9, 3)]: [63. 66.]
Nsa[(9, 10, 0)]: [85. 83.]
Nsa[(9, 10, 1)]: [89. 58.]
Nsa[(9, 10, 2)]: [63. 53.]
Nsa[(9, 10, 3)]: [69. 89.]
Nsa[(9, 11, 0)]: [73. 79.]
Nsa[(9, 11, 1)]: [55. 70.]
Nsa[(9, 11, 2)]: [97. 90.]
Nsa[(9, 11, 3)]: [63. 87.]
Nsa[(9, 12, 0)]: [62. 78.]
Nsa[(9, 12, 1)]: [ 86. 106.]
Nsa[(9, 12, 2)]: [103.  71.]
Nsa[(9, 12, 3)]: [54. 71.]
Nsa[(9, 13, 0)]: [133.  96.]
Nsa[(9, 13, 1)]: [85. 93.]
Nsa[(9, 13, 2)]: [85. 43.]
Nsa[(9, 13, 3)]: [115. 140.]
Nsa[(9, 14, 0)]: [86. 91.]
Nsa[(9, 14, 1)]: [95. 31.]
Nsa[(9, 14, 2)]: [119. 169.]
Nsa[(9, 14, 3)]: [174.   1.]
Nsa[(9, 15, 0)]: [72. 41.]
Nsa[(9, 15, 1)]: [126. 115.]
Nsa[(9, 15, 2)]: [98. 98.]
Nsa[(9, 15, 3)]: [51. 91.]
Nsa[(10, 1, 0)]: [  1. 276.]
Nsa[(10, 1, 1)]: [102. 103.]
Nsa[(10, 1, 2)]: [ 82. 171.]
Nsa[(10, 1, 3)]: [127.  80.]
Nsa[(10, 2, 0)]: [304.   3.]
Nsa[(10, 2, 1)]: [139.  92.]
Nsa[(10, 2, 2)]: [ 23. 266.]
Nsa[(10, 2, 3)]: [131.  70.]
Nsa[(10, 3, 0)]: [153. 147.]
Nsa[(10, 3, 1)]: [216.  17.]
Nsa[(10, 3, 2)]: [  1. 333.]
Nsa[(10, 3, 3)]: [ 99. 149.]
Nsa[(10, 4, 0)]: [45. 65.]
Nsa[(10, 4, 1)]: [62. 55.]
Nsa[(10, 4, 2)]: [22. 87.]
Nsa[(10, 4, 3)]: [126.   1.]
Nsa[(10, 6, 0)]: [53. 37.]
Nsa[(10, 6, 1)]: [ 15. 108.]
Nsa[(10, 6, 2)]: [66. 64.]
Nsa[(10, 6, 3)]: [49. 46.]
Nsa[(10, 7, 0)]: [33. 99.]
Nsa[(10, 7, 1)]: [73. 64.]
Nsa[(10, 7, 2)]: [73. 69.]
Nsa[(10, 7, 3)]: [ 22. 116.]
Nsa[(10, 8, 0)]: [76. 66.]
Nsa[(10, 8, 1)]: [55. 51.]
Nsa[(10, 8, 2)]: [ 22. 128.]
Nsa[(10, 8, 3)]: [61. 66.]
Nsa[(10, 9, 0)]: [62. 71.]
Nsa[(10, 9, 1)]: [  1. 118.]
Nsa[(10, 9, 2)]: [73. 87.]
Nsa[(10, 9, 3)]: [60. 93.]
Nsa[(10, 10, 0)]: [ 20. 109.]
Nsa[(10, 10, 1)]: [98. 69.]
Nsa[(10, 10, 2)]: [81. 82.]
Nsa[(10, 10, 3)]: [29. 97.]
Nsa[(10, 11, 0)]: [184.   3.]
Nsa[(10, 11, 1)]: [75. 74.]
Nsa[(10, 11, 2)]: [  1. 117.]
Nsa[(10, 11, 3)]: [114.  93.]
Nsa[(10, 12, 0)]: [76. 76.]
Nsa[(10, 12, 1)]: [15. 92.]
Nsa[(10, 12, 2)]: [108. 115.]
Nsa[(10, 12, 3)]: [ 95. 101.]
Nsa[(10, 13, 0)]: [141. 115.]
Nsa[(10, 13, 1)]: [ 78. 127.]
Nsa[(10, 13, 2)]: [115. 116.]
Nsa[(10, 13, 3)]: [133.  56.]
Nsa[(10, 14, 0)]: [249.   1.]
Nsa[(10, 14, 1)]: [110. 102.]
Nsa[(10, 14, 2)]: [  1. 259.]
Nsa[(10, 14, 3)]: [228.   1.]
Nsa[(10, 15, 0)]: [  1. 262.]
Nsa[(10, 15, 1)]: [111. 102.]
Nsa[(10, 15, 2)]: [58. 41.]
Nsa[(10, 15, 3)]: [80. 72.]
Nsa[(11, 1, 0)]: [59. 72.]
Nsa[(11, 1, 1)]: [72. 81.]
Nsa[(11, 1, 2)]: [52. 53.]
Nsa[(11, 1, 3)]: [73. 62.]
Nsa[(11, 2, 0)]: [85. 98.]
Nsa[(11, 2, 1)]: [80. 52.]
Nsa[(11, 2, 2)]: [87. 46.]
Nsa[(11, 2, 3)]: [ 93. 101.]
Nsa[(11, 3, 0)]: [70. 77.]
Nsa[(11, 3, 1)]: [92. 51.]
Nsa[(11, 3, 2)]: [100. 109.]
Nsa[(11, 3, 3)]: [93. 67.]
Nsa[(11, 4, 0)]: [84. 45.]
Nsa[(11, 4, 1)]: [ 98. 109.]
Nsa[(11, 4, 2)]: [122.  61.]
Nsa[(11, 4, 3)]: [68. 53.]
Nsa[(11, 6, 0)]: [111. 145.]
Nsa[(11, 6, 1)]: [89. 89.]
Nsa[(11, 6, 2)]: [122.  30.]
Nsa[(11, 6, 3)]: [132. 150.]
Nsa[(11, 7, 0)]: [88. 91.]
Nsa[(11, 7, 1)]: [102.  20.]
Nsa[(11, 7, 2)]: [125. 168.]
Nsa[(11, 7, 3)]: [86. 91.]
Nsa[(11, 8, 0)]: [119.  23.]
Nsa[(11, 8, 1)]: [229.  95.]
Nsa[(11, 8, 2)]: [97. 97.]
Nsa[(11, 8, 3)]: [120.  32.]
Nsa[(11, 9, 0)]: [155. 132.]
Nsa[(11, 9, 1)]: [100. 101.]
Nsa[(11, 9, 2)]: [  1. 284.]
Nsa[(11, 9, 3)]: [ 57. 149.]
Nsa[(11, 10, 0)]: [180. 132.]
Nsa[(11, 10, 1)]: [178.  29.]
Nsa[(11, 10, 2)]: [231.  73.]
Nsa[(11, 10, 3)]: [194.   7.]
Nsa[(11, 11, 0)]: [231. 116.]
Nsa[(11, 11, 1)]: [ 24. 191.]
Nsa[(11, 11, 2)]: [  2. 353.]
Nsa[(11, 11, 3)]: [ 94. 132.]
Nsa[(11, 12, 0)]: [51. 39.]
Nsa[(11, 12, 1)]: [63. 58.]
Nsa[(11, 12, 2)]: [24. 93.]
Nsa[(11, 12, 3)]: [53. 68.]
Nsa[(11, 13, 0)]: [46. 51.]
Nsa[(11, 13, 1)]: [ 27. 102.]
Nsa[(11, 13, 2)]: [71. 75.]
Nsa[(11, 13, 3)]: [87. 35.]
Nsa[(11, 14, 0)]: [23. 87.]
Nsa[(11, 14, 1)]: [69. 63.]
Nsa[(11, 14, 2)]: [78. 62.]
Nsa[(11, 14, 3)]: [23. 80.]
Nsa[(11, 15, 0)]: [72. 72.]
Nsa[(11, 15, 1)]: [82. 69.]
Nsa[(11, 15, 2)]: [ 34. 125.]
Nsa[(11, 15, 3)]: [65. 79.]
Nsa[(12, 1, 0)]: [79. 66.]
Nsa[(12, 1, 1)]: [ 21. 100.]
Nsa[(12, 1, 2)]: [105.  87.]
Nsa[(12, 1, 3)]: [83. 87.]
Nsa[(12, 2, 0)]: [20. 97.]
Nsa[(12, 2, 1)]: [ 93. 111.]
Nsa[(12, 2, 2)]: [88. 89.]
Nsa[(12, 2, 3)]: [ 32. 108.]
Nsa[(12, 3, 0)]: [95. 99.]
Nsa[(12, 3, 1)]: [150.   1.]
Nsa[(12, 3, 2)]: [ 10. 108.]
Nsa[(12, 3, 3)]: [104.  93.]
Nsa[(12, 4, 0)]: [87. 89.]
Nsa[(12, 4, 1)]: [ 20. 120.]
Nsa[(12, 4, 2)]: [ 91. 120.]
Nsa[(12, 4, 3)]: [103. 104.]
Nsa[(12, 6, 0)]: [121.  99.]
Nsa[(12, 6, 1)]: [ 81. 104.]
Nsa[(12, 6, 2)]: [  1. 235.]
Nsa[(12, 6, 3)]: [  1. 201.]
Nsa[(12, 7, 0)]: [  1. 227.]
Nsa[(12, 7, 1)]: [107.  89.]
Nsa[(12, 7, 2)]: [107. 165.]
Nsa[(12, 7, 3)]: [205.   2.]
Nsa[(12, 8, 0)]: [104. 126.]
Nsa[(12, 8, 1)]: [ 97. 125.]
Nsa[(12, 8, 2)]: [50. 49.]
Nsa[(12, 8, 3)]: [114. 113.]
Nsa[(12, 9, 0)]: [138.  11.]
Nsa[(12, 9, 1)]: [124. 122.]
Nsa[(12, 9, 2)]: [58. 59.]
Nsa[(12, 9, 3)]: [132.  26.]
Nsa[(12, 10, 0)]: [103. 104.]
Nsa[(12, 10, 1)]: [71. 72.]
Nsa[(12, 10, 2)]: [114.  28.]
Nsa[(12, 10, 3)]: [114. 123.]
Nsa[(12, 11, 0)]: [81. 86.]
Nsa[(12, 11, 1)]: [119.  16.]
Nsa[(12, 11, 2)]: [126. 136.]
Nsa[(12, 11, 3)]: [83. 86.]
Nsa[(12, 12, 0)]: [120.  32.]
Nsa[(12, 12, 1)]: [135. 135.]
Nsa[(12, 12, 2)]: [94. 94.]
Nsa[(12, 12, 3)]: [117.  17.]
Nsa[(12, 13, 0)]: [156. 152.]
Nsa[(12, 13, 1)]: [93. 94.]
Nsa[(12, 13, 2)]: [124.   7.]
Nsa[(12, 13, 3)]: [137. 163.]
Nsa[(12, 14, 0)]: [99. 98.]
Nsa[(12, 14, 1)]: [119.  12.]
Nsa[(12, 14, 2)]: [176. 177.]
Nsa[(12, 14, 3)]: [101.  91.]
Nsa[(12, 15, 0)]: [146.  17.]
Nsa[(12, 15, 1)]: [186. 192.]
Nsa[(12, 15, 2)]: [101. 101.]
Nsa[(12, 15, 3)]: [132.   4.]
Nsa[(13, 1, 0)]: [129. 154.]
Nsa[(13, 1, 1)]: [138. 137.]
Nsa[(13, 1, 2)]: [167. 170.]
Nsa[(13, 1, 3)]: [  1. 197.]
Nsa[(13, 2, 0)]: [206. 140.]
Nsa[(13, 2, 1)]: [103. 103.]
Nsa[(13, 2, 2)]: [165. 168.]
Nsa[(13, 2, 3)]: [114. 113.]
Nsa[(13, 3, 0)]: [179. 201.]
Nsa[(13, 3, 1)]: [113. 118.]
Nsa[(13, 3, 2)]: [163. 216.]
Nsa[(13, 3, 3)]: [116. 119.]
Nsa[(13, 4, 0)]: [59. 61.]
Nsa[(13, 4, 1)]: [107. 115.]
Nsa[(13, 4, 2)]: [124.  19.]
Nsa[(13, 4, 3)]: [107. 112.]
Nsa[(13, 6, 0)]: [55. 71.]
Nsa[(13, 6, 1)]: [135.   2.]
Nsa[(13, 6, 2)]: [123. 123.]
Nsa[(13, 6, 3)]: [72. 68.]
Nsa[(13, 7, 0)]: [146.   1.]
Nsa[(13, 7, 1)]: [126. 112.]
Nsa[(13, 7, 2)]: [89. 81.]
Nsa[(13, 7, 3)]: [131.   3.]
Nsa[(13, 8, 0)]: [135. 153.]
Nsa[(13, 8, 1)]: [73. 79.]
Nsa[(13, 8, 2)]: [147.   7.]
Nsa[(13, 8, 3)]: [141. 142.]
Nsa[(13, 9, 0)]: [96. 78.]
Nsa[(13, 9, 1)]: [132.  12.]
Nsa[(13, 9, 2)]: [158. 160.]
Nsa[(13, 9, 3)]: [100. 101.]
Nsa[(13, 10, 0)]: [139.   2.]
Nsa[(13, 10, 1)]: [142. 135.]
Nsa[(13, 10, 2)]: [104. 106.]
Nsa[(13, 10, 3)]: [98. 41.]
Nsa[(13, 11, 0)]: [ 77. 216.]
Nsa[(13, 11, 1)]: [88. 88.]
Nsa[(13, 11, 2)]: [80. 83.]
Nsa[(13, 11, 3)]: [167. 162.]
Nsa[(13, 12, 0)]: [94. 93.]
Nsa[(13, 12, 1)]: [56. 75.]
Nsa[(13, 12, 2)]: [144. 153.]
Nsa[(13, 12, 3)]: [114. 114.]
Nsa[(13, 13, 0)]: [201. 150.]
Nsa[(13, 13, 1)]: [73. 95.]
Nsa[(13, 13, 2)]: [292.  52.]
Nsa[(13, 13, 3)]: [118. 115.]
Nsa[(13, 14, 0)]: [171. 172.]
Nsa[(13, 14, 1)]: [127. 107.]
Nsa[(13, 14, 2)]: [282. 107.]
Nsa[(13, 14, 3)]: [  1. 239.]
Nsa[(13, 15, 0)]: [386.   1.]
Nsa[(13, 15, 1)]: [136.  91.]
Nsa[(13, 15, 2)]: [45. 37.]
Nsa[(13, 15, 3)]: [102. 115.]
Nsa[(14, 2, 0)]: [127.   1.]
Nsa[(14, 2, 1)]: [114. 107.]
Nsa[(14, 2, 2)]: [65. 56.]
Nsa[(14, 2, 3)]: [146.   2.]
Nsa[(14, 3, 0)]: [124. 113.]
Nsa[(14, 3, 1)]: [80. 79.]
Nsa[(14, 3, 2)]: [126.  11.]
Nsa[(14, 3, 3)]: [131. 122.]
Nsa[(14, 4, 0)]: [66. 79.]
Nsa[(14, 4, 1)]: [146.   3.]
Nsa[(14, 4, 2)]: [143. 143.]
Nsa[(14, 4, 3)]: [75. 84.]
Nsa[(14, 5, 0)]: [137.   1.]
Nsa[(14, 5, 1)]: [146. 139.]
Nsa[(14, 5, 2)]: [89. 94.]
Nsa[(14, 5, 3)]: [138.   1.]
Nsa[(14, 6, 0)]: [120. 119.]
Nsa[(14, 6, 1)]: [93. 93.]
Nsa[(14, 6, 2)]: [79. 59.]
Nsa[(14, 6, 3)]: [152. 112.]
Nsa[(14, 7, 0)]: [ 81. 106.]
Nsa[(14, 7, 1)]: [90. 36.]
Nsa[(14, 7, 2)]: [162. 129.]
Nsa[(14, 7, 3)]: [97. 97.]
Nsa[(14, 8, 0)]: [64. 71.]
Nsa[(14, 8, 1)]: [179. 108.]
Nsa[(14, 8, 2)]: [105. 105.]
Nsa[(14, 8, 3)]: [62. 66.]
Nsa[(14, 9, 0)]: [131. 143.]
Nsa[(14, 9, 1)]: [113. 116.]
Nsa[(14, 9, 2)]: [201. 189.]
Nsa[(14, 9, 3)]: [ 93. 103.]
Nsa[(14, 10, 0)]: [  1. 326.]
Nsa[(14, 10, 1)]: [  1. 216.]
Nsa[(14, 10, 2)]: [173. 164.]
Nsa[(14, 10, 3)]: [133. 100.]
Nsa[(14, 11, 0)]: [ 26. 349.]
Nsa[(14, 11, 1)]: [  1. 220.]
Nsa[(14, 11, 2)]: [  1. 371.]
Nsa[(14, 11, 3)]: [145.  97.]
Nsa[(14, 12, 0)]: [45. 52.]
Nsa[(14, 12, 1)]: [117. 126.]
Nsa[(14, 12, 2)]: [147.   3.]
Nsa[(14, 12, 3)]: [116. 125.]
Nsa[(14, 13, 0)]: [62. 60.]
Nsa[(14, 13, 1)]: [150.   3.]
Nsa[(14, 13, 2)]: [131. 138.]
Nsa[(14, 13, 3)]: [78. 75.]
Nsa[(14, 15, 0)]: [162.   1.]
Nsa[(14, 15, 1)]: [143. 150.]
Nsa[(14, 15, 2)]: [68. 68.]
Nsa[(14, 15, 3)]: [169.   1.]
Nsa[(15, 1, 0)]: [126. 136.]
Nsa[(15, 1, 1)]: [87. 81.]
Nsa[(15, 1, 2)]: [121.  18.]
Nsa[(15, 1, 3)]: [135. 149.]
Nsa[(15, 2, 0)]: [88. 95.]
Nsa[(15, 2, 1)]: [123.  31.]
Nsa[(15, 2, 2)]: [148. 145.]
Nsa[(15, 2, 3)]: [94. 97.]
Nsa[(15, 3, 0)]: [108.  52.]
Nsa[(15, 3, 1)]: [147. 150.]
Nsa[(15, 3, 2)]: [102. 100.]
Nsa[(15, 3, 3)]: [104.  55.]
Nsa[(15, 4, 0)]: [156. 205.]
Nsa[(15, 4, 1)]: [90. 89.]
Nsa[(15, 4, 2)]: [131.  14.]
Nsa[(15, 4, 3)]: [161. 138.]
Nsa[(15, 5, 0)]: [115. 114.]
Nsa[(15, 5, 1)]: [66. 63.]
Nsa[(15, 5, 2)]: [163. 139.]
Nsa[(15, 5, 3)]: [121. 120.]
Nsa[(15, 6, 0)]: [171. 193.]
Nsa[(15, 6, 1)]: [ 73. 142.]
Nsa[(15, 6, 2)]: [114. 247.]
Nsa[(15, 6, 3)]: [  1. 215.]
Nsa[(15, 7, 0)]: [217. 128.]
Nsa[(15, 7, 1)]: [130. 126.]
Nsa[(15, 7, 2)]: [104. 282.]
Nsa[(15, 7, 3)]: [123. 114.]
Nsa[(15, 8, 0)]: [169. 220.]
Nsa[(15, 8, 1)]: [176.  53.]
Nsa[(15, 8, 2)]: [58. 38.]
Nsa[(15, 8, 3)]: [116. 100.]
Nsa[(15, 10, 0)]: [127.   2.]
Nsa[(15, 10, 1)]: [100. 119.]
Nsa[(15, 10, 2)]: [56. 64.]
Nsa[(15, 10, 3)]: [156.   1.]
Nsa[(15, 11, 0)]: [113. 119.]
Nsa[(15, 11, 1)]: [62. 72.]
Nsa[(15, 11, 2)]: [142.   2.]
Nsa[(15, 11, 3)]: [136. 134.]
Nsa[(15, 12, 0)]: [95. 73.]
Nsa[(15, 12, 1)]: [143.   4.]
Nsa[(15, 12, 2)]: [125. 123.]
Nsa[(15, 12, 3)]: [74. 88.]
Nsa[(15, 13, 0)]: [132.   2.]
Nsa[(15, 13, 1)]: [150. 150.]
Nsa[(15, 13, 2)]: [78. 99.]
Nsa[(15, 13, 3)]: [129.   3.]
Nsa[(15, 14, 0)]: [136. 147.]
Nsa[(15, 14, 1)]: [97. 93.]
Nsa[(15, 14, 2)]: [84. 50.]
Nsa[(15, 14, 3)]: [136. 125.]
Nsa[(1, 4, 0)]: [94. 93.]
Nsa[(1, 4, 1)]: [71. 55.]
Nsa[(1, 4, 2)]: [156. 159.]
Nsa[(1, 4, 3)]: [95. 95.]
Nsa[(7, 1, 0)]: [93. 43.]
Nsa[(7, 1, 1)]: [176. 140.]
Nsa[(7, 1, 2)]: [86. 91.]
Nsa[(7, 1, 3)]: [73. 76.]
Nsa[(14, 14, 0)]: [146. 139.]
Nsa[(14, 14, 1)]: [121. 121.]
Nsa[(14, 14, 2)]: [ 79. 231.]
Nsa[(14, 14, 3)]: [ 89. 106.]
Nsa[(15, 15, 0)]: [203. 155.]
Nsa[(15, 15, 1)]: [  1. 217.]
Nsa[(15, 15, 2)]: [210. 150.]
Nsa[(15, 15, 3)]: [ 28. 203.]
