Pu[(1, 1, 0), (2, 1, 0)] -> 0.9665847496653168
Pu[(1, 1, 0), (1, 1, 3)] -> 0.017791696715841042
Pu[(1, 1, 0), (1, 1, 1)] -> 0.015623553618842233
Pu[(1, 1, 1), (1, 2, 1)] -> 0.0008696061361119248
Pu[(1, 1, 1), (1, 1, 2)] -> 0.0366565599434779
Pu[(1, 1, 1), (1, 1, 0)] -> 0.9624738339204103
Pu[(1, 1, 2), (1, 1, 3)] -> 0.4671505386872127
Pu[(1, 1, 2), (1, 1, 2)] -> 0.12262711963177432
Pu[(1, 1, 2), (1, 1, 1)] -> 0.41022234168101296
Pu[(1, 1, 3), (1, 1, 3)] -> 0.12262651044060593
Pu[(1, 1, 3), (1, 1, 2)] -> 0.03218948608747227
Pu[(1, 1, 3), (1, 1, 0)] -> 0.8451840034719219
Pu[(1, 2, 0), (1, 2, 3)] -> 0.8292327621329995
Pu[(1, 2, 0), (1, 2, 1)] -> 0.04052699624059976
Pu[(1, 2, 0), (1, 2, 0)] -> 0.1302402416264008
Pu[(1, 2, 1), (1, 3, 1)] -> 0.022153023647502334
Pu[(1, 2, 1), (1, 2, 2)] -> 0.4770675963131457
Pu[(1, 2, 1), (1, 2, 0)] -> 0.5007793800393521
Pu[(1, 2, 2), (1, 2, 3)] -> 0.8343782428045963
Pu[(1, 2, 2), (1, 2, 2)] -> 0.12484328647700169
Pu[(1, 2, 2), (1, 2, 1)] -> 0.04077847071840197
Pu[(1, 2, 3), (1, 2, 2)] -> 0.018347923337572868
Pu[(1, 2, 3), (1, 2, 0)] -> 0.019259873747468174
Pu[(1, 2, 3), (1, 1, 3)] -> 0.962392202914959
Pu[(1, 3, 0), (1, 3, 3)] -> 0.8313904625377616
Pu[(1, 3, 0), (1, 3, 1)] -> 0.045358077026455466
Pu[(1, 3, 0), (1, 3, 0)] -> 0.12325146043578285
Pu[(1, 3, 1), (1, 4, 1)] -> 0.02203525603656831
Pu[(1, 3, 1), (1, 3, 2)] -> 0.49819516807690917
Pu[(1, 3, 1), (1, 3, 0)] -> 0.47976957588652247
Pu[(1, 3, 2), (1, 3, 3)] -> 0.8274736301497949
Pu[(1, 3, 2), (1, 3, 2)] -> 0.12738198301284664
Pu[(1, 3, 2), (1, 3, 1)] -> 0.045144386837358504
Pu[(1, 3, 3), (1, 3, 2)] -> 0.018878158939847487
Pu[(1, 3, 3), (1, 3, 0)] -> 0.01817995614660555
Pu[(1, 3, 3), (1, 2, 3)] -> 0.9629418849135469
Pu[(1, 4, 0), (1, 4, 3)] -> 0.8261813086858427
Pu[(1, 4, 0), (1, 4, 1)] -> 0.04409018530965848
Pu[(1, 4, 0), (1, 4, 0)] -> 0.1297285060044988
Pu[(1, 4, 1), (1, 5, 1)] -> 0.057224501012161845
Pu[(1, 4, 1), (1, 4, 2)] -> 0.47268126707567387
Pu[(1, 4, 1), (1, 4, 0)] -> 0.4700942319121643
Pu[(1, 4, 2), (1, 4, 3)] -> 0.8255918976702696
Pu[(1, 4, 2), (1, 4, 2)] -> 0.13034937166643948
Pu[(1, 4, 2), (1, 4, 1)] -> 0.044058730663290954
Pu[(1, 4, 3), (1, 4, 2)] -> 0.01936607869129457
Pu[(1, 4, 3), (1, 4, 0)] -> 0.01926008606995878
Pu[(1, 4, 3), (1, 3, 3)] -> 0.9613738352387466
Pu[(1, 5, 0), (1, 5, 3)] -> 0.7566937979394017
Pu[(1, 5, 0), (1, 5, 1)] -> 0.11243887649692408
Pu[(1, 5, 0), (1, 5, 0)] -> 0.1308673255636741
Pu[(1, 5, 1), (1, 6, 1)] -> 0.0696581760255161
Pu[(1, 5, 1), (1, 5, 2)] -> 0.49955711620272253
Pu[(1, 5, 1), (1, 5, 0)] -> 0.43078470777176125
Pu[(1, 5, 2), (1, 5, 3)] -> 0.741208290152708
Pu[(1, 5, 2), (1, 5, 2)] -> 0.14865386066453617
Pu[(1, 5, 2), (1, 5, 1)] -> 0.11013784918275589
Pu[(1, 5, 3), (1, 5, 2)] -> 0.024615946648421975
Pu[(1, 5, 3), (1, 5, 0)] -> 0.02122714908771814
Pu[(1, 5, 3), (1, 4, 3)] -> 0.95415690426386
Pu[(1, 6, 0), (1, 6, 3)] -> 0.7116514453981996
Pu[(1, 6, 0), (1, 6, 1)] -> 0.1538158904382875
Pu[(1, 6, 0), (1, 6, 0)] -> 0.134532664163513
Pu[(1, 6, 1), (1, 7, 1)] -> 0.021727160682034924
Pu[(1, 6, 1), (1, 6, 2)] -> 0.5307428400819628
Pu[(1, 6, 1), (1, 6, 0)] -> 0.4475299992360022
Pu[(1, 6, 2), (1, 6, 3)] -> 0.6942841110483857
Pu[(1, 6, 2), (1, 6, 2)] -> 0.15565376310529114
Pu[(1, 6, 2), (1, 6, 1)] -> 0.15006212584632309
Pu[(1, 6, 3), (1, 6, 2)] -> 0.027535336893824213
Pu[(1, 6, 3), (1, 6, 0)] -> 0.023218192255129024
Pu[(1, 6, 3), (1, 5, 3)] -> 0.9492464708510469
Pu[(1, 7, 0), (1, 7, 3)] -> 0.7995665451978814
Pu[(1, 7, 0), (1, 7, 1)] -> 0.05730508899229459
Pu[(1, 7, 0), (1, 7, 0)] -> 0.1431283658098242
Pu[(1, 7, 1), (1, 8, 1)] -> 0.06257081123082955
Pu[(1, 7, 1), (1, 7, 2)] -> 0.4386037338429019
Pu[(1, 7, 1), (1, 7, 0)] -> 0.49882545492626834
Pu[(1, 7, 2), (1, 7, 3)] -> 0.8136255588066003
Pu[(1, 7, 2), (1, 7, 2)] -> 0.12806173997566855
Pu[(1, 7, 2), (1, 7, 1)] -> 0.05831270121773122
Pu[(1, 7, 3), (1, 7, 2)] -> 0.019323257865928277
Pu[(1, 7, 3), (1, 7, 0)] -> 0.02197640410211765
Pu[(1, 7, 3), (1, 6, 3)] -> 0.9587003380319542
Pu[(1, 8, 0), (1, 8, 3)] -> 0.7398661952814645
Pu[(1, 8, 0), (1, 8, 1)] -> 0.12877121809396264
Pu[(1, 8, 0), (1, 8, 0)] -> 0.13136258662457284
Pu[(1, 8, 1), (1, 9, 1)] -> 0.09477212552083412
Pu[(1, 8, 1), (1, 8, 2)] -> 0.49645460095436805
Pu[(1, 8, 1), (1, 8, 0)] -> 0.408773273524798
Pu[(1, 8, 2), (1, 8, 3)] -> 0.7195902284615501
Pu[(1, 8, 2), (1, 8, 2)] -> 0.1551675171437138
Pu[(1, 8, 2), (1, 8, 1)] -> 0.1252422543947361
Pu[(1, 8, 3), (1, 8, 2)] -> 0.026476167487713087
Pu[(1, 8, 3), (1, 8, 0)] -> 0.021800079269157755
Pu[(1, 8, 3), (1, 7, 3)] -> 0.9517237532431292
Pu[(1, 9, 0), (1, 9, 3)] -> 0.6507629058288701
Pu[(1, 9, 0), (1, 9, 1)] -> 0.20434207582786695
Pu[(1, 9, 0), (1, 9, 0)] -> 0.1448950183432629
Pu[(1, 9, 1), (1, 10, 1)] -> 0.09356415010929864
Pu[(1, 9, 1), (1, 9, 2)] -> 0.5062071660196886
Pu[(1, 9, 1), (1, 9, 0)] -> 0.4002286838710127
Pu[(1, 9, 2), (1, 9, 3)] -> 0.6267173587495556
Pu[(1, 9, 2), (1, 9, 2)] -> 0.17649096044447182
Pu[(1, 9, 2), (1, 9, 1)] -> 0.19679168080597254
Pu[(1, 9, 3), (1, 9, 2)] -> 0.03462836302305458
Pu[(1, 9, 3), (1, 9, 0)] -> 0.027378640777253885
Pu[(1, 9, 3), (1, 8, 3)] -> 0.9379929961996916
Pu[(1, 10, 0), (1, 10, 3)] -> 0.5723651171496248
Pu[(1, 10, 0), (1, 10, 1)] -> 0.22484350481157225
Pu[(1, 10, 0), (1, 10, 0)] -> 0.20279137803880307
Pu[(1, 10, 1), (1, 11, 1)] -> 0.03863548703256957
Pu[(1, 10, 1), (1, 10, 2)] -> 0.35862971322414566
Pu[(1, 10, 1), (1, 10, 0)] -> 0.6027347997432849
Pu[(1, 10, 2), (1, 10, 3)] -> 0.6235794915779767
Pu[(1, 10, 2), (1, 10, 2)] -> 0.13145834316421606
Pu[(1, 10, 2), (1, 10, 1)] -> 0.24496216525780723
Pu[(1, 10, 3), (1, 10, 2)] -> 0.025987308133235503
Pu[(1, 10, 3), (1, 10, 0)] -> 0.04367584275919433
Pu[(1, 10, 3), (1, 9, 3)] -> 0.9303368491075702
Pu[(1, 11, 0), (1, 11, 3)] -> 0.715703586520657
Pu[(1, 11, 0), (1, 11, 1)] -> 0.12354552461743626
Pu[(1, 11, 0), (1, 11, 0)] -> 0.16075088886190678
Pu[(1, 11, 1), (1, 12, 1)] -> 0.08489444232161804
Pu[(1, 11, 1), (1, 11, 2)] -> 0.4962251151111521
Pu[(1, 11, 1), (1, 11, 0)] -> 0.4188804425672298
Pu[(1, 11, 2), (1, 11, 3)] -> 0.6950724210917564
Pu[(1, 11, 2), (1, 11, 2)] -> 0.1849434283070728
Pu[(1, 11, 2), (1, 11, 1)] -> 0.11998415060117083
Pu[(1, 11, 3), (1, 11, 2)] -> 0.032883839515746006
Pu[(1, 11, 3), (1, 11, 0)] -> 0.02775836375508734
Pu[(1, 11, 3), (1, 10, 3)] -> 0.9393577967291666
Pu[(1, 12, 0), (1, 12, 3)] -> 0.5644194653735863
Pu[(1, 12, 0), (1, 12, 1)] -> 0.19034544293976705
Pu[(1, 12, 0), (1, 12, 0)] -> 0.2452350916866467
Pu[(1, 12, 1), (1, 13, 1)] -> 0.03903859549279526
Pu[(1, 12, 1), (1, 12, 2)] -> 0.3576718240993939
Pu[(1, 12, 1), (1, 12, 0)] -> 0.6032895804078109
Pu[(1, 12, 2), (1, 12, 3)] -> 0.6270231869991268
Pu[(1, 12, 2), (1, 12, 2)] -> 0.16151882194123565
Pu[(1, 12, 2), (1, 12, 1)] -> 0.21145799105963747
Pu[(1, 12, 3), (1, 12, 2)] -> 0.03179964442680494
Pu[(1, 12, 3), (1, 12, 0)] -> 0.05363686164452685
Pu[(1, 12, 3), (1, 11, 3)] -> 0.9145634939286681
Pu[(1, 13, 0), (1, 13, 3)] -> 0.688503684182702
Pu[(1, 13, 0), (1, 13, 1)] -> 0.14853356877307272
Pu[(1, 13, 0), (1, 13, 0)] -> 0.16296274704422523
Pu[(1, 13, 1), (1, 14, 1)] -> 0.07246119956407644
Pu[(1, 13, 1), (1, 13, 2)] -> 0.4164396413641242
Pu[(1, 13, 1), (1, 13, 0)] -> 0.5110991590717993
Pu[(1, 13, 2), (1, 13, 3)] -> 0.7099307877440101
Pu[(1, 13, 2), (1, 13, 2)] -> 0.13691309136947535
Pu[(1, 13, 2), (1, 13, 1)] -> 0.15315612088651465
Pu[(1, 13, 3), (1, 13, 2)] -> 0.023801457955833986
Pu[(1, 13, 3), (1, 13, 0)] -> 0.029211688652072524
Pu[(1, 13, 3), (1, 12, 3)] -> 0.9469868533920934
Pu[(1, 14, 0), (1, 14, 3)] -> 0.6847245248148749
Pu[(1, 14, 0), (1, 14, 1)] -> 0.17012480963824939
Pu[(1, 14, 0), (1, 14, 0)] -> 0.14515066554687575
Pu[(1, 14, 1), (1, 15, 1)] -> 0.009210230730288356
Pu[(1, 14, 1), (1, 14, 2)] -> 0.68980292542817
Pu[(1, 14, 1), (1, 14, 0)] -> 0.3009868438415415
Pu[(1, 14, 2), (1, 14, 3)] -> 0.5766070935965587
Pu[(1, 14, 2), (1, 14, 2)] -> 0.2801306622758483
Pu[(1, 14, 2), (1, 14, 1)] -> 0.1432622441275931
Pu[(1, 14, 3), (1, 14, 2)] -> 0.059964736817690774
Pu[(1, 14, 3), (1, 14, 0)] -> 0.0261648598624635
Pu[(1, 14, 3), (1, 13, 3)] -> 0.9138704033198458
Pu[(1, 15, 0), (2, 15, 0)] -> 0.006970122384781337
Pu[(1, 15, 0), (1, 15, 3)] -> 0.9453178015649693
Pu[(1, 15, 0), (1, 15, 1)] -> 0.047712076050249234
Pu[(1, 15, 1), (1, 15, 2)] -> 0.42643713243641607
Pu[(1, 15, 1), (1, 15, 1)] -> 0.14459182660195646
Pu[(1, 15, 1), (1, 15, 0)] -> 0.4289710409616276
Pu[(1, 15, 2), (1, 15, 3)] -> 0.833801359797816
Pu[(1, 15, 2), (1, 15, 2)] -> 0.12411502152535915
Pu[(1, 15, 2), (1, 15, 1)] -> 0.042083618676824926
Pu[(1, 15, 3), (1, 15, 2)] -> 0.01842395729156539
Pu[(1, 15, 3), (1, 15, 0)] -> 0.018533433270316355
Pu[(1, 15, 3), (1, 14, 3)] -> 0.9630426094381181
Pu[(2, 1, 0), (3, 1, 0)] -> 0.9644841111982881
Pu[(2, 1, 0), (2, 1, 3)] -> 0.017757947208969116
Pu[(2, 1, 0), (2, 1, 1)] -> 0.017757941592742642
Pu[(2, 1, 1), (2, 1, 2)] -> 0.030583034339671928
Pu[(2, 1, 1), (2, 1, 1)] -> 0.12262649642355192
Pu[(2, 1, 1), (2, 1, 0)] -> 0.8467904692367761
Pu[(2, 1, 2), (2, 1, 3)] -> 0.4917955571542218
Pu[(2, 1, 2), (2, 1, 1)] -> 0.4917954016162423
Pu[(2, 1, 2), (1, 1, 2)] -> 0.01640904122953591
Pu[(2, 1, 3), (2, 1, 3)] -> 0.12262653045032831
Pu[(2, 1, 3), (2, 1, 2)] -> 0.030583033153584054
Pu[(2, 1, 3), (2, 1, 0)] -> 0.8467904363960875
Pu[(2, 15, 0), (3, 15, 0)] -> 0.013173142287992346
Pu[(2, 15, 0), (2, 15, 3)] -> 0.3529873822545855
Pu[(2, 15, 0), (2, 15, 1)] -> 0.633839475457422
Pu[(2, 15, 1), (2, 15, 2)] -> 0.5532234230006553
Pu[(2, 15, 1), (2, 15, 1)] -> 0.24512116499953174
Pu[(2, 15, 1), (2, 15, 0)] -> 0.20165541199981302
Pu[(2, 15, 2), (2, 15, 3)] -> 0.030657506264221125
Pu[(2, 15, 2), (2, 15, 1)] -> 0.055049949845888915
Pu[(2, 15, 2), (1, 15, 2)] -> 0.9142925438898899
Pu[(2, 15, 3), (2, 15, 3)] -> 0.15314192267739177
Pu[(2, 15, 3), (2, 15, 2)] -> 0.6206316863180783
Pu[(2, 15, 3), (2, 15, 0)] -> 0.2262263910045301
Pu[(3, 1, 0), (4, 1, 0)] -> 0.9667352551691982
Pu[(3, 1, 0), (3, 1, 3)] -> 0.01771876318660839
Pu[(3, 1, 0), (3, 1, 1)] -> 0.015545981644193532
Pu[(3, 1, 1), (3, 2, 1)] -> 1.1275655314625334e-15
Pu[(3, 1, 1), (3, 1, 2)] -> 0.03272315292125709
Pu[(3, 1, 1), (3, 1, 0)] -> 0.9672768470787417
Pu[(3, 1, 2), (3, 1, 3)] -> 0.5237924066030023
Pu[(3, 1, 2), (3, 1, 1)] -> 0.4595618245280517
Pu[(3, 1, 2), (2, 1, 2)] -> 0.016645768868945893
Pu[(3, 1, 3), (3, 1, 3)] -> 0.12262652692901908
Pu[(3, 1, 3), (3, 1, 2)] -> 0.028710426328356176
Pu[(3, 1, 3), (3, 1, 0)] -> 0.8486630467426247
Pu[(3, 4, 0), (4, 4, 0)] -> 0.8996241871862801
Pu[(3, 4, 0), (3, 4, 3)] -> 0.03187705672853667
Pu[(3, 4, 0), (3, 4, 1)] -> 0.06849875608518327
Pu[(3, 4, 1), (3, 5, 1)] -> 0.08828830692246285
Pu[(3, 4, 1), (3, 4, 2)] -> 0.14946802154043157
Pu[(3, 4, 1), (3, 4, 0)] -> 0.7622436715371057
Pu[(3, 4, 2), (3, 4, 3)] -> 0.24265968626592144
Pu[(3, 4, 2), (3, 4, 2)] -> 0.23590300530289077
Pu[(3, 4, 2), (3, 4, 1)] -> 0.5214373084311879
Pu[(3, 4, 3), (3, 4, 3)] -> 0.14430287735020228
Pu[(3, 4, 3), (3, 4, 2)] -> 0.1402848695825907
Pu[(3, 4, 3), (3, 4, 0)] -> 0.715412253067207
Pu[(3, 5, 0), (3, 5, 3)] -> 0.2476751176101627
Pu[(3, 5, 0), (3, 5, 1)] -> 0.3451304296942755
Pu[(3, 5, 0), (3, 5, 0)] -> 0.40719445269556176
Pu[(3, 5, 1), (3, 6, 1)] -> 0.05077687841271335
Pu[(3, 5, 1), (3, 5, 2)] -> 0.46836075880478956
Pu[(3, 5, 1), (3, 5, 0)] -> 0.48086236278249705
Pu[(3, 5, 2), (3, 5, 3)] -> 0.2503251506605513
Pu[(3, 5, 2), (3, 5, 2)] -> 0.4008516504473233
Pu[(3, 5, 2), (3, 5, 1)] -> 0.3488231988921253
Pu[(3, 5, 3), (3, 5, 2)] -> 0.2823179990782183
Pu[(3, 5, 3), (3, 5, 0)] -> 0.28985370260142
Pu[(3, 5, 3), (3, 4, 3)] -> 0.4278282983203617
Pu[(3, 6, 0), (3, 6, 3)] -> 0.45233648805326054
Pu[(3, 6, 0), (3, 6, 1)] -> 0.2316465686914391
Pu[(3, 6, 0), (3, 6, 0)] -> 0.3160169432553003
Pu[(3, 6, 1), (3, 7, 1)] -> 0.3633611453102636
Pu[(3, 6, 1), (3, 6, 2)] -> 0.3172404587562523
Pu[(3, 6, 1), (3, 6, 0)] -> 0.3193983959334841
Pu[(3, 6, 2), (3, 6, 3)] -> 0.453304334156604
Pu[(3, 6, 2), (3, 6, 2)] -> 0.3145534523503938
Pu[(3, 6, 2), (3, 6, 1)] -> 0.23214221349300218
Pu[(3, 6, 3), (3, 6, 2)] -> 0.1597995443670537
Pu[(3, 6, 3), (3, 6, 0)] -> 0.16088653490743532
Pu[(3, 6, 3), (3, 5, 3)] -> 0.6793139207255109
Pu[(3, 7, 0), (3, 7, 3)] -> 0.3825102285873898
Pu[(3, 7, 0), (3, 7, 1)] -> 0.23637625417379232
Pu[(3, 7, 0), (3, 7, 0)] -> 0.3811135172388179
Pu[(3, 7, 1), (3, 8, 1)] -> 0.2891286167779754
Pu[(3, 7, 1), (3, 7, 2)] -> 0.38013776161213725
Pu[(3, 7, 1), (3, 7, 0)] -> 0.3307336216098873
Pu[(3, 7, 2), (3, 7, 3)] -> 0.36190695277643486
Pu[(3, 7, 2), (3, 7, 2)] -> 0.41444880593708416
Pu[(3, 7, 2), (3, 7, 1)] -> 0.22364424128648105
Pu[(3, 7, 3), (3, 7, 2)] -> 0.3923141461354897
Pu[(3, 7, 3), (3, 7, 0)] -> 0.34132751718722776
Pu[(3, 7, 3), (3, 6, 3)] -> 0.26635833667728254
Pu[(3, 8, 0), (3, 8, 3)] -> 0.3217974248865877
Pu[(3, 8, 0), (3, 8, 1)] -> 0.3013870967392477
Pu[(3, 8, 0), (3, 8, 0)] -> 0.3768154783741647
Pu[(3, 8, 1), (3, 9, 1)] -> 0.17336917456220238
Pu[(3, 8, 1), (3, 8, 2)] -> 0.4968064588216187
Pu[(3, 8, 1), (3, 8, 0)] -> 0.3298243666161789
Pu[(3, 8, 2), (3, 8, 3)] -> 0.27024256116052076
Pu[(3, 8, 2), (3, 8, 2)] -> 0.4766552862903939
Pu[(3, 8, 2), (3, 8, 1)] -> 0.2531021525490853
Pu[(3, 8, 3), (3, 8, 2)] -> 0.43984647721849884
Pu[(3, 8, 3), (3, 8, 0)] -> 0.2920092586981401
Pu[(3, 8, 3), (3, 7, 3)] -> 0.26814426408336095
Pu[(3, 9, 0), (3, 9, 3)] -> 0.42417269447346706
Pu[(3, 9, 0), (3, 9, 1)] -> 0.43808112143127936
Pu[(3, 9, 0), (3, 9, 0)] -> 0.13774618409525358
Pu[(3, 9, 1), (3, 10, 1)] -> 0.45125222002070275
Pu[(3, 9, 1), (3, 9, 2)] -> 0.49716571671751975
Pu[(3, 9, 1), (3, 9, 0)] -> 0.05158206326177751
Pu[(3, 9, 2), (3, 9, 3)] -> 0.19369509060227644
Pu[(3, 9, 2), (3, 9, 2)] -> 0.6062586461366962
Pu[(3, 9, 2), (3, 9, 1)] -> 0.2000462632610274
Pu[(3, 9, 3), (3, 9, 2)] -> 0.6098149934598929
Pu[(3, 9, 3), (3, 9, 0)] -> 0.06326967953122373
Pu[(3, 9, 3), (3, 8, 3)] -> 0.3269153270088835
Pu[(3, 10, 0), (3, 10, 3)] -> 0.34961196331150496
Pu[(3, 10, 0), (3, 10, 1)] -> 0.3048841532495193
Pu[(3, 10, 0), (3, 10, 0)] -> 0.34550388343897576
Pu[(3, 10, 1), (3, 11, 1)] -> 0.5891026217971436
Pu[(3, 10, 1), (3, 10, 2)] -> 0.1705539436864261
Pu[(3, 10, 1), (3, 10, 0)] -> 0.24034343451643028
Pu[(3, 10, 2), (3, 10, 3)] -> 0.38859821691546254
Pu[(3, 10, 2), (3, 10, 2)] -> 0.2725191052827478
Pu[(3, 10, 2), (3, 10, 1)] -> 0.3388826778017896
Pu[(3, 10, 3), (3, 10, 2)] -> 0.35125783726719595
Pu[(3, 10, 3), (3, 10, 0)] -> 0.49499010802604027
Pu[(3, 10, 3), (3, 9, 3)] -> 0.1537520547067637
Pu[(3, 11, 0), (3, 11, 3)] -> 0.21958920553504035
Pu[(3, 11, 0), (3, 11, 1)] -> 0.4923361662498312
Pu[(3, 11, 0), (3, 11, 0)] -> 0.2880746282151284
Pu[(3, 11, 1), (3, 12, 1)] -> 0.8144641390393694
Pu[(3, 11, 1), (3, 11, 2)] -> 0.08151871394693257
Pu[(3, 11, 1), (3, 11, 0)] -> 0.10401714701369796
Pu[(3, 11, 2), (3, 11, 3)] -> 0.2341808314835232
Pu[(3, 11, 2), (3, 11, 2)] -> 0.24076743611974222
Pu[(3, 11, 2), (3, 11, 1)] -> 0.5250517323967346
Pu[(3, 11, 3), (3, 11, 2)] -> 0.3148343061986292
Pu[(3, 11, 3), (3, 11, 0)] -> 0.40172574771158637
Pu[(3, 11, 3), (3, 10, 3)] -> 0.28343994608978446
Pu[(3, 12, 0), (3, 12, 3)] -> 0.36387457418135066
Pu[(3, 12, 0), (3, 12, 1)] -> 0.19612533599507287
Pu[(3, 12, 0), (3, 12, 0)] -> 0.4400000898235764
Pu[(3, 12, 1), (3, 13, 1)] -> 0.4848980474103897
Pu[(3, 12, 1), (3, 12, 2)] -> 0.20925630841749213
Pu[(3, 12, 1), (3, 12, 0)] -> 0.3058456441721182
Pu[(3, 12, 2), (3, 12, 3)] -> 0.4225973245317028
Pu[(3, 12, 2), (3, 12, 2)] -> 0.3496262707803136
Pu[(3, 12, 2), (3, 12, 1)] -> 0.22777640468798363
Pu[(3, 12, 3), (3, 12, 2)] -> 0.39603859941627556
Pu[(3, 12, 3), (3, 12, 0)] -> 0.5788436270883246
Pu[(3, 12, 3), (3, 11, 3)] -> 0.0251177734953997
Pu[(3, 13, 0), (3, 13, 3)] -> 0.3255652216736757
Pu[(3, 13, 0), (3, 13, 1)] -> 0.30910761136527204
Pu[(3, 13, 0), (3, 13, 0)] -> 0.36532716696105233
Pu[(3, 13, 1), (3, 14, 1)] -> 0.7372179599966245
Pu[(3, 13, 1), (3, 13, 2)] -> 0.10678182807986798
Pu[(3, 13, 1), (3, 13, 0)] -> 0.1560002119235075
Pu[(3, 13, 2), (3, 13, 3)] -> 0.367979022322404
Pu[(3, 13, 2), (3, 13, 2)] -> 0.28264362085225064
Pu[(3, 13, 2), (3, 13, 1)] -> 0.34937735682534526
Pu[(3, 13, 3), (3, 13, 2)] -> 0.3219889101776493
Pu[(3, 13, 3), (3, 13, 0)] -> 0.4704015573432821
Pu[(3, 13, 3), (3, 12, 3)] -> 0.20760953247906858
Pu[(3, 14, 0), (3, 14, 3)] -> 0.1784332162817003
Pu[(3, 14, 0), (3, 14, 1)] -> 0.6176899827143798
Pu[(3, 14, 0), (3, 14, 0)] -> 0.20387680100391983
Pu[(3, 14, 1), (3, 15, 1)] -> 0.9288844653147355
Pu[(3, 14, 1), (3, 14, 2)] -> 0.02904193756553826
Pu[(3, 14, 1), (3, 14, 0)] -> 0.04207359711972628
Pu[(3, 14, 2), (3, 14, 3)] -> 0.19046035977902515
Pu[(3, 14, 2), (3, 14, 2)] -> 0.15021477464242358
Pu[(3, 14, 2), (3, 14, 1)] -> 0.6593248655785512
Pu[(3, 14, 3), (3, 14, 2)] -> 0.30521144754244045
Pu[(3, 14, 3), (3, 14, 0)] -> 0.4421655218853891
Pu[(3, 14, 3), (3, 13, 3)] -> 0.25262303057217034
Pu[(3, 15, 0), (3, 15, 3)] -> 0.40588224651972166
Pu[(3, 15, 0), (3, 15, 1)] -> 0.41541352456393144
Pu[(3, 15, 0), (3, 15, 0)] -> 0.17870422891634694
Pu[(3, 15, 1), (3, 15, 2)] -> 0.8101047198686668
Pu[(3, 15, 1), (3, 15, 1)] -> 0.1327768227010754
Pu[(3, 15, 1), (3, 15, 0)] -> 0.05711845743025761
Pu[(3, 15, 2), (3, 15, 3)] -> 0.020065691121546995
Pu[(3, 15, 2), (3, 15, 1)] -> 0.020536891039426138
Pu[(3, 15, 2), (2, 15, 2)] -> 0.9593974178390269
Pu[(3, 15, 3), (3, 15, 2)] -> 0.9285009178499749
Pu[(3, 15, 3), (3, 15, 0)] -> 0.06546627719780079
Pu[(3, 15, 3), (3, 14, 3)] -> 0.0060328049522243585
Pu[(4, 1, 0), (5, 1, 0)] -> 0.9667358096066645
Pu[(4, 1, 0), (4, 1, 3)] -> 0.017718474007311063
Pu[(4, 1, 0), (4, 1, 1)] -> 0.015545716386024535
Pu[(4, 1, 1), (4, 2, 1)] -> 1.43029485265554e-16
Pu[(4, 1, 1), (4, 1, 2)] -> 0.03270739872071672
Pu[(4, 1, 1), (4, 1, 0)] -> 0.9672926012792831
Pu[(4, 1, 2), (4, 1, 3)] -> 0.5243640158168592
Pu[(4, 1, 2), (4, 1, 1)] -> 0.4600629980641801
Pu[(4, 1, 2), (3, 1, 2)] -> 0.015572986118960826
Pu[(4, 1, 3), (4, 1, 3)] -> 0.12262652243963837
Pu[(4, 1, 3), (4, 1, 2)] -> 0.02869660415754856
Pu[(4, 1, 3), (4, 1, 0)] -> 0.8486768734028132
Pu[(4, 4, 0), (5, 4, 0)] -> 0.9086939746286253
Pu[(4, 4, 0), (4, 4, 3)] -> 0.0600068986080253
Pu[(4, 4, 0), (4, 4, 1)] -> 0.03129912676334945
Pu[(4, 4, 1), (4, 4, 2)] -> 0.10817550091639612
Pu[(4, 4, 1), (4, 4, 1)] -> 0.1641312560464398
Pu[(4, 4, 1), (4, 4, 0)] -> 0.7276932430371641
Pu[(4, 4, 2), (4, 4, 3)] -> 0.6245112130509863
Pu[(4, 4, 2), (4, 4, 1)] -> 0.3257401411477346
Pu[(4, 4, 2), (3, 4, 2)] -> 0.04974864580127913
Pu[(4, 4, 3), (4, 4, 3)] -> 0.2735002084119921
Pu[(4, 4, 3), (4, 4, 2)] -> 0.0940213154746895
Pu[(4, 4, 3), (4, 4, 0)] -> 0.6324784761133185
Pu[(5, 1, 0), (6, 1, 0)] -> 0.9667355223720153
Pu[(5, 1, 0), (5, 1, 3)] -> 0.017718630665734782
Pu[(5, 1, 0), (5, 1, 1)] -> 0.015545846962249943
Pu[(5, 1, 1), (5, 2, 1)] -> 1.8142557842269443e-17
Pu[(5, 1, 1), (5, 1, 2)] -> 0.032715249052083645
Pu[(5, 1, 1), (5, 1, 0)] -> 0.9672847509479162
Pu[(5, 1, 2), (5, 1, 3)] -> 0.5243682633715102
Pu[(5, 1, 2), (5, 1, 1)] -> 0.46006652139313176
Pu[(5, 1, 2), (4, 1, 2)] -> 0.015565215235358176
Pu[(5, 1, 3), (5, 1, 3)] -> 0.12262659769094768
Pu[(5, 1, 3), (5, 1, 2)] -> 0.028703489368214624
Pu[(5, 1, 3), (5, 1, 0)] -> 0.8486699129408375
Pu[(5, 4, 0), (5, 4, 3)] -> 0.13857323549611317
Pu[(5, 4, 0), (5, 4, 1)] -> 0.7253995939914403
Pu[(5, 4, 0), (5, 4, 0)] -> 0.13602717051244664
Pu[(5, 4, 1), (5, 5, 1)] -> 0.94480772916053
Pu[(5, 4, 1), (5, 4, 2)] -> 0.031057504924842327
Pu[(5, 4, 1), (5, 4, 0)] -> 0.02413476591462757
Pu[(5, 4, 2), (5, 4, 3)] -> 0.1598195076270491
Pu[(5, 4, 2), (5, 4, 1)] -> 0.8366190305762552
Pu[(5, 4, 2), (4, 4, 2)] -> 0.0035614617966956857
Pu[(5, 4, 3), (5, 4, 3)] -> 0.3081835262078022
Pu[(5, 4, 3), (5, 4, 2)] -> 0.3892953345656288
Pu[(5, 4, 3), (5, 4, 0)] -> 0.3025211392265689
Pu[(5, 5, 0), (5, 5, 3)] -> 0.17025576211280583
Pu[(5, 5, 0), (5, 5, 1)] -> 0.6805290447059616
Pu[(5, 5, 0), (5, 5, 0)] -> 0.14921519318123247
Pu[(5, 5, 1), (5, 6, 1)] -> 0.9231555198454217
Pu[(5, 5, 1), (5, 5, 2)] -> 0.049397642693956606
Pu[(5, 5, 1), (5, 5, 0)] -> 0.0274468374606216
Pu[(5, 5, 2), (5, 5, 3)] -> 0.1521042600593039
Pu[(5, 5, 2), (5, 5, 2)] -> 0.23992003615639756
Pu[(5, 5, 2), (5, 5, 1)] -> 0.6079757037842985
Pu[(5, 5, 3), (5, 5, 2)] -> 0.6166847112823992
Pu[(5, 5, 3), (5, 5, 0)] -> 0.34264884136038204
Pu[(5, 5, 3), (5, 4, 3)] -> 0.04066644735721879
Pu[(5, 6, 0), (5, 6, 3)] -> 0.2665288977457183
Pu[(5, 6, 0), (5, 6, 1)] -> 0.5564542042159409
Pu[(5, 6, 0), (5, 6, 0)] -> 0.17701689803834086
Pu[(5, 6, 1), (5, 7, 1)] -> 0.8375197289843216
Pu[(5, 6, 1), (5, 6, 2)] -> 0.12279860609775356
Pu[(5, 6, 1), (5, 6, 0)] -> 0.03968166491792485
Pu[(5, 6, 2), (5, 6, 3)] -> 0.19443617090890294
Pu[(5, 6, 2), (5, 6, 2)] -> 0.39962351391697465
Pu[(5, 6, 2), (5, 6, 1)] -> 0.40594031517412227
Pu[(5, 6, 3), (5, 6, 2)] -> 0.7365915870792245
Pu[(5, 6, 3), (5, 6, 0)] -> 0.23802534465718955
Pu[(5, 6, 3), (5, 5, 3)] -> 0.025383068263586148
Pu[(5, 7, 0), (5, 7, 3)] -> 0.1259137176061529
Pu[(5, 7, 0), (5, 7, 1)] -> 0.6866723355129642
Pu[(5, 7, 0), (5, 7, 0)] -> 0.1874139468808828
Pu[(5, 7, 1), (5, 8, 1)] -> 0.9313060829812143
Pu[(5, 7, 1), (5, 7, 2)] -> 0.03472966926533932
Pu[(5, 7, 1), (5, 7, 0)] -> 0.03396424775344627
Pu[(5, 7, 2), (5, 7, 3)] -> 0.12538414781523186
Pu[(5, 7, 2), (5, 7, 2)] -> 0.19083153341900458
Pu[(5, 7, 2), (5, 7, 1)] -> 0.6837843187657636
Pu[(5, 7, 3), (5, 7, 2)] -> 0.4477117947512403
Pu[(5, 7, 3), (5, 7, 0)] -> 0.43784448976158824
Pu[(5, 7, 3), (5, 6, 3)] -> 0.11444371548717162
Pu[(5, 8, 0), (5, 8, 3)] -> 0.1687886070697072
Pu[(5, 8, 0), (5, 8, 1)] -> 0.6717799022124122
Pu[(5, 8, 0), (5, 8, 0)] -> 0.15943149071788068
Pu[(5, 8, 1), (5, 9, 1)] -> 0.9319178541635472
Pu[(5, 8, 1), (5, 8, 2)] -> 0.0385925192005356
Pu[(5, 8, 1), (5, 8, 0)] -> 0.029489626635917355
Pu[(5, 8, 2), (5, 8, 3)] -> 0.16087155485412627
Pu[(5, 8, 2), (5, 8, 2)] -> 0.19885846919878714
Pu[(5, 8, 2), (5, 8, 1)] -> 0.6402699759470866
Pu[(5, 8, 3), (5, 8, 2)] -> 0.5425884001204192
Pu[(5, 8, 3), (5, 8, 0)] -> 0.4146070188729435
Pu[(5, 8, 3), (5, 7, 3)] -> 0.042804581006637366
Pu[(5, 9, 0), (5, 9, 3)] -> 0.33467751007493024
Pu[(5, 9, 0), (5, 9, 1)] -> 0.4515224491342868
Pu[(5, 9, 0), (5, 9, 0)] -> 0.21380004079078294
Pu[(5, 9, 1), (5, 10, 1)] -> 0.868510183108284
Pu[(5, 9, 1), (5, 9, 2)] -> 0.06884343166285198
Pu[(5, 9, 1), (5, 9, 0)] -> 0.06264638522886395
Pu[(5, 9, 2), (5, 9, 3)] -> 0.3277459053063223
Pu[(5, 9, 2), (5, 9, 2)] -> 0.23008326037465604
Pu[(5, 9, 2), (5, 9, 1)] -> 0.44217083431902166
Pu[(5, 9, 3), (5, 9, 2)] -> 0.5064917903357945
Pu[(5, 9, 3), (5, 9, 0)] -> 0.4608991598214397
Pu[(5, 9, 3), (5, 8, 3)] -> 0.032609049842765706
Pu[(5, 10, 0), (5, 10, 3)] -> 0.11644760850672078
Pu[(5, 10, 0), (5, 10, 1)] -> 0.7137427981471902
Pu[(5, 10, 0), (5, 10, 0)] -> 0.1698095933460891
Pu[(5, 10, 1), (5, 11, 1)] -> 0.9233948172230075
Pu[(5, 10, 1), (5, 10, 2)] -> 0.04554238932766744
Pu[(5, 10, 1), (5, 10, 0)] -> 0.03106279344932507
Pu[(5, 10, 2), (5, 10, 3)] -> 0.10790629003587682
Pu[(5, 10, 2), (5, 10, 2)] -> 0.23070324969164863
Pu[(5, 10, 2), (5, 10, 1)] -> 0.6613904602724746
Pu[(5, 10, 3), (5, 10, 2)] -> 0.4985630566262746
Pu[(5, 10, 3), (5, 10, 0)] -> 0.34005157564356797
Pu[(5, 10, 3), (5, 9, 3)] -> 0.16138536773015752
Pu[(5, 11, 0), (5, 11, 3)] -> 0.27516052209862507
Pu[(5, 11, 0), (5, 11, 1)] -> 0.5858058511279779
Pu[(5, 11, 0), (5, 11, 0)] -> 0.13903362677339717
Pu[(5, 11, 1), (5, 12, 1)] -> 0.9131522911051065
Pu[(5, 11, 1), (5, 11, 2)] -> 0.05734786772689999
Pu[(5, 11, 1), (5, 11, 0)] -> 0.02949984116799344
Pu[(5, 11, 2), (5, 11, 3)] -> 0.24323612692765598
Pu[(5, 11, 2), (5, 11, 2)] -> 0.23892379458588042
Pu[(5, 11, 2), (5, 11, 1)] -> 0.5178400784864637
Pu[(5, 11, 3), (5, 11, 2)] -> 0.6392225864254113
Pu[(5, 11, 3), (5, 11, 0)] -> 0.3288171909083625
Pu[(5, 11, 3), (5, 10, 3)] -> 0.03196022266622638
Pu[(5, 12, 0), (5, 12, 3)] -> 0.1256960177459795
Pu[(5, 12, 0), (5, 12, 1)] -> 0.730384001241405
Pu[(5, 12, 0), (5, 12, 0)] -> 0.14391998101261555
Pu[(5, 12, 1), (5, 13, 1)] -> 0.9447446141706644
Pu[(5, 12, 1), (5, 12, 2)] -> 0.03092965558669104
Pu[(5, 12, 1), (5, 12, 0)] -> 0.024325730242644516
Pu[(5, 12, 2), (5, 12, 3)] -> 0.12096958426805698
Pu[(5, 12, 2), (5, 12, 2)] -> 0.17611038237998056
Pu[(5, 12, 2), (5, 12, 1)] -> 0.7029200333519625
Pu[(5, 12, 3), (5, 12, 2)] -> 0.4897937569720653
Pu[(5, 12, 3), (5, 12, 0)] -> 0.385215760752301
Pu[(5, 12, 3), (5, 11, 3)] -> 0.12499048227563374
Pu[(5, 13, 0), (5, 13, 3)] -> 0.12685682773639406
Pu[(5, 13, 0), (5, 13, 1)] -> 0.6985513370627714
Pu[(5, 13, 0), (5, 13, 0)] -> 0.17459183520083466
Pu[(5, 13, 1), (5, 14, 1)] -> 0.9471154300305796
Pu[(5, 13, 1), (5, 13, 2)] -> 0.022060028265149714
Pu[(5, 13, 1), (5, 13, 0)] -> 0.030824541704270618
Pu[(5, 13, 2), (5, 13, 3)] -> 0.1334832945958107
Pu[(5, 13, 2), (5, 13, 2)] -> 0.13147598604134614
Pu[(5, 13, 2), (5, 13, 1)] -> 0.7350407193628432
Pu[(5, 13, 3), (5, 13, 2)] -> 0.3963493808182998
Pu[(5, 13, 3), (5, 13, 0)] -> 0.5538201434581256
Pu[(5, 13, 3), (5, 12, 3)] -> 0.049830475723574734
Pu[(5, 14, 0), (5, 14, 3)] -> 0.1585173083339398
Pu[(5, 14, 0), (5, 14, 1)] -> 0.7120401171719235
Pu[(5, 14, 0), (5, 14, 0)] -> 0.12944257449413657
Pu[(5, 14, 1), (5, 15, 1)] -> 0.9440076290176763
Pu[(5, 14, 1), (5, 14, 2)] -> 0.0334492223634401
Pu[(5, 14, 1), (5, 14, 0)] -> 0.022543148618883537
Pu[(5, 14, 2), (5, 14, 3)] -> 0.1491755496469351
Pu[(5, 14, 2), (5, 14, 2)] -> 0.18074635625608443
Pu[(5, 14, 2), (5, 14, 1)] -> 0.6700780940969804
Pu[(5, 14, 3), (5, 14, 2)] -> 0.5676596263897626
Pu[(5, 14, 3), (5, 14, 0)] -> 0.38257497240447735
Pu[(5, 14, 3), (5, 13, 3)] -> 0.04976540120576013
Pu[(5, 15, 0), (6, 15, 0)] -> 0.9647384398281423
Pu[(5, 15, 0), (5, 15, 3)] -> 0.01692950096878005
Pu[(5, 15, 0), (5, 15, 1)] -> 0.018332059203077587
Pu[(5, 15, 1), (5, 15, 2)] -> 0.042664088503789034
Pu[(5, 15, 1), (5, 15, 1)] -> 0.12353336170469725
Pu[(5, 15, 1), (5, 15, 0)] -> 0.8338025497915137
Pu[(5, 15, 2), (5, 15, 3)] -> 0.40702950579236996
Pu[(5, 15, 2), (5, 15, 2)] -> 0.15221981813363622
Pu[(5, 15, 2), (5, 15, 1)] -> 0.44075067607399365
Pu[(5, 15, 3), (5, 15, 2)] -> 0.04847755229037157
Pu[(5, 15, 3), (5, 15, 0)] -> 0.947417561816033
Pu[(5, 15, 3), (5, 14, 3)] -> 0.00410488589359533
Pu[(6, 1, 0), (7, 1, 0)] -> 0.966736126880427
Pu[(6, 1, 0), (6, 1, 3)] -> 0.017718294483698185
Pu[(6, 1, 0), (6, 1, 1)] -> 0.01554557863587472
Pu[(6, 1, 1), (6, 2, 1)] -> 2.301355846497867e-18
Pu[(6, 1, 1), (6, 1, 2)] -> 0.032695973338238656
Pu[(6, 1, 1), (6, 1, 0)] -> 0.9673040266617614
Pu[(6, 1, 2), (6, 1, 3)] -> 0.5243656666980878
Pu[(6, 1, 2), (6, 1, 1)] -> 0.46006503126516457
Pu[(6, 1, 2), (5, 1, 2)] -> 0.015569302036747472
Pu[(6, 1, 3), (6, 1, 3)] -> 0.12262669208620201
Pu[(6, 1, 3), (6, 1, 2)] -> 0.028686574283231795
Pu[(6, 1, 3), (6, 1, 0)] -> 0.8486867336305662
Pu[(6, 15, 0), (7, 15, 0)] -> 0.9558602628656182
Pu[(6, 15, 0), (6, 15, 3)] -> 0.022327895514601622
Pu[(6, 15, 0), (6, 15, 1)] -> 0.021811841619780115
Pu[(6, 15, 1), (6, 15, 2)] -> 0.0644514548790229
Pu[(6, 15, 1), (6, 15, 1)] -> 0.14087719791311268
Pu[(6, 15, 1), (6, 15, 0)] -> 0.7946713472078644
Pu[(6, 15, 2), (6, 15, 3)] -> 0.496758390775226
Pu[(6, 15, 2), (6, 15, 1)] -> 0.48527705335239657
Pu[(6, 15, 2), (5, 15, 2)] -> 0.0179645558723774
Pu[(6, 15, 3), (6, 15, 3)] -> 0.14373119517251406
Pu[(6, 15, 3), (6, 15, 2)] -> 0.06423734779777406
Pu[(6, 15, 3), (6, 15, 0)] -> 0.792031457029712
Pu[(7, 1, 0), (8, 1, 0)] -> 0.9667364213356961
Pu[(7, 1, 0), (7, 1, 3)] -> 0.017718146102811815
Pu[(7, 1, 0), (7, 1, 1)] -> 0.015545432561492068
Pu[(7, 1, 1), (7, 2, 1)] -> 2.9191958573904892e-19
Pu[(7, 1, 1), (7, 1, 2)] -> 0.03268909074710277
Pu[(7, 1, 1), (7, 1, 0)] -> 0.9673109092528972
Pu[(7, 1, 2), (7, 1, 3)] -> 0.5243708210519956
Pu[(7, 1, 2), (7, 1, 1)] -> 0.46006908333284335
Pu[(7, 1, 2), (6, 1, 2)] -> 0.01556009561516097
Pu[(7, 1, 3), (7, 1, 3)] -> 0.1226265406125062
Pu[(7, 1, 3), (7, 1, 2)] -> 0.028680540633017275
Pu[(7, 1, 3), (7, 1, 0)] -> 0.8486929187544765
Pu[(7, 4, 0), (8, 4, 0)] -> 0.966050986316244
Pu[(7, 4, 0), (7, 4, 3)] -> 0.017885802718135085
Pu[(7, 4, 0), (7, 4, 1)] -> 0.01606321096562096
Pu[(7, 4, 1), (7, 5, 1)] -> 0.0025930204120429615
Pu[(7, 4, 1), (7, 4, 2)] -> 0.03773544348595378
Pu[(7, 4, 1), (7, 4, 0)] -> 0.9596715361020033
Pu[(7, 4, 2), (7, 4, 3)] -> 0.461223479333311
Pu[(7, 4, 2), (7, 4, 2)] -> 0.12455244766398806
Pu[(7, 4, 2), (7, 4, 1)] -> 0.4142240730027009
Pu[(7, 4, 3), (7, 4, 3)] -> 0.12288347638417658
Pu[(7, 4, 3), (7, 4, 2)] -> 0.03318442890902423
Pu[(7, 4, 3), (7, 4, 0)] -> 0.8439320947067991
Pu[(7, 5, 0), (7, 5, 3)] -> 0.7585212253734461
Pu[(7, 5, 0), (7, 5, 1)] -> 0.10940648407475177
Pu[(7, 5, 0), (7, 5, 0)] -> 0.13207229055180206
Pu[(7, 5, 1), (7, 6, 1)] -> 0.020744054896420325
Pu[(7, 5, 1), (7, 5, 2)] -> 0.5101934442652502
Pu[(7, 5, 1), (7, 5, 0)] -> 0.46906250083832945
Pu[(7, 5, 2), (7, 5, 3)] -> 0.7498372876666957
Pu[(7, 5, 2), (7, 5, 2)] -> 0.1420087694672077
Pu[(7, 5, 2), (7, 5, 1)] -> 0.10815394286609677
Pu[(7, 5, 3), (7, 5, 2)] -> 0.023276650156071416
Pu[(7, 5, 3), (7, 5, 0)] -> 0.021400125493712466
Pu[(7, 5, 3), (7, 4, 3)] -> 0.9553232243502161
Pu[(7, 6, 0), (7, 6, 3)] -> 0.8167775643989555
Pu[(7, 6, 0), (7, 6, 1)] -> 0.049206600996354384
Pu[(7, 6, 0), (7, 6, 0)] -> 0.13401583460469
Pu[(7, 6, 1), (7, 7, 1)] -> 0.028472708987415697
Pu[(7, 6, 1), (7, 6, 2)] -> 0.4853589378956333
Pu[(7, 6, 1), (7, 6, 0)] -> 0.4861683531169509
Pu[(7, 6, 2), (7, 6, 3)] -> 0.8169598454433483
Pu[(7, 6, 2), (7, 6, 2)] -> 0.13382257207523748
Pu[(7, 6, 2), (7, 6, 1)] -> 0.04921758248141419
Pu[(7, 6, 3), (7, 6, 2)] -> 0.020094915694198322
Pu[(7, 6, 3), (7, 6, 0)] -> 0.020128427244855036
Pu[(7, 6, 3), (7, 5, 3)] -> 0.9597766570609466
Pu[(7, 7, 0), (7, 7, 3)] -> 0.8135171896142674
Pu[(7, 7, 0), (7, 7, 1)] -> 0.0610450672035128
Pu[(7, 7, 0), (7, 7, 0)] -> 0.1254377431822199
Pu[(7, 7, 1), (7, 8, 1)] -> 0.024474234653990203
Pu[(7, 7, 1), (7, 7, 2)] -> 0.5320963843842222
Pu[(7, 7, 1), (7, 7, 0)] -> 0.4434293809617874
Pu[(7, 7, 2), (7, 7, 3)] -> 0.7936116555009796
Pu[(7, 7, 2), (7, 7, 2)] -> 0.1468369576788855
Pu[(7, 7, 2), (7, 7, 1)] -> 0.059551386820135
Pu[(7, 7, 3), (7, 7, 2)] -> 0.022707565757274027
Pu[(7, 7, 3), (7, 7, 0)] -> 0.018923642637695918
Pu[(7, 7, 3), (7, 6, 3)] -> 0.9583687916050301
Pu[(7, 8, 0), (7, 8, 3)] -> 0.8178331378379444
Pu[(7, 8, 0), (7, 8, 1)] -> 0.05422692780597712
Pu[(7, 8, 0), (7, 8, 0)] -> 0.12793993435607842
Pu[(7, 8, 1), (7, 9, 1)] -> 0.03570728550849727
Pu[(7, 8, 1), (7, 8, 2)] -> 0.533538940900999
Pu[(7, 8, 1), (7, 8, 0)] -> 0.43075377359050365
Pu[(7, 8, 2), (7, 8, 3)] -> 0.793605441759188
Pu[(7, 8, 2), (7, 8, 2)] -> 0.15377406268291063
Pu[(7, 8, 2), (7, 8, 1)] -> 0.05262049555790134
Pu[(7, 8, 3), (7, 8, 2)] -> 0.023800130563717853
Pu[(7, 8, 3), (7, 8, 0)] -> 0.019215084910119914
Pu[(7, 8, 3), (7, 7, 3)] -> 0.9569847845261622
Pu[(7, 9, 0), (7, 9, 3)] -> 0.7791735051197478
Pu[(7, 9, 0), (7, 9, 1)] -> 0.07828049612083118
Pu[(7, 9, 0), (7, 9, 0)] -> 0.14254599875942098
Pu[(7, 9, 1), (7, 10, 1)] -> 0.016667068923387273
Pu[(7, 9, 1), (7, 9, 2)] -> 0.5142657828272349
Pu[(7, 9, 1), (7, 9, 0)] -> 0.46906714824937773
Pu[(7, 9, 2), (7, 9, 3)] -> 0.7686161570940392
Pu[(7, 9, 2), (7, 9, 2)] -> 0.1541640019995876
Pu[(7, 9, 2), (7, 9, 1)] -> 0.07721984090637322
Pu[(7, 9, 3), (7, 9, 2)] -> 0.024668306372389943
Pu[(7, 9, 3), (7, 9, 0)] -> 0.02250021780299187
Pu[(7, 9, 3), (7, 8, 3)] -> 0.9528314758246181
Pu[(7, 10, 0), (7, 10, 3)] -> 0.831801248545621
Pu[(7, 10, 0), (7, 10, 1)] -> 0.04226897741416896
Pu[(7, 10, 0), (7, 10, 0)] -> 0.12592977404021016
Pu[(7, 10, 1), (7, 11, 1)] -> 0.02185453081160179
Pu[(7, 10, 1), (7, 10, 2)] -> 0.495868171243399
Pu[(7, 10, 1), (7, 10, 0)] -> 0.4822772979449992
Pu[(7, 10, 2), (7, 10, 3)] -> 0.828859808167602
Pu[(7, 10, 2), (7, 10, 2)] -> 0.12902068723655083
Pu[(7, 10, 2), (7, 10, 1)] -> 0.042119504595847276
Pu[(7, 10, 3), (7, 10, 2)] -> 0.019159717012885095
Pu[(7, 10, 3), (7, 10, 0)] -> 0.018634582911814714
Pu[(7, 10, 3), (7, 9, 3)] -> 0.9622057000753003
Pu[(7, 11, 0), (7, 11, 3)] -> 0.8282095864233124
Pu[(7, 11, 0), (7, 11, 1)] -> 0.044303498921108055
Pu[(7, 11, 0), (7, 11, 0)] -> 0.12748691465557943
Pu[(7, 11, 1), (7, 12, 1)] -> 0.11508009372397997
Pu[(7, 11, 1), (7, 11, 2)] -> 0.4818084691037001
Pu[(7, 11, 1), (7, 11, 0)] -> 0.40311143717231995
Pu[(7, 11, 2), (7, 11, 3)] -> 0.8080972523659914
Pu[(7, 11, 2), (7, 11, 2)] -> 0.1486751198267059
Pu[(7, 11, 2), (7, 11, 1)] -> 0.04322762780730274
Pu[(7, 11, 3), (7, 11, 2)] -> 0.022615477555003673
Pu[(7, 11, 3), (7, 11, 0)] -> 0.01892153883574369
Pu[(7, 11, 3), (7, 10, 3)] -> 0.9584629836092527
Pu[(7, 12, 0), (7, 12, 3)] -> 0.6430497718528555
Pu[(7, 12, 0), (7, 12, 1)] -> 0.2187804433237513
Pu[(7, 12, 0), (7, 12, 0)] -> 0.13816978482339326
Pu[(7, 12, 1), (7, 13, 1)] -> 0.034181759621086806
Pu[(7, 12, 1), (7, 12, 2)] -> 0.4534718700117285
Pu[(7, 12, 1), (7, 12, 0)] -> 0.5123463703671848
Pu[(7, 12, 2), (7, 12, 3)] -> 0.653424386895743
Pu[(7, 12, 2), (7, 12, 2)] -> 0.12426548517793418
Pu[(7, 12, 2), (7, 12, 1)] -> 0.22231012792632288
Pu[(7, 12, 3), (7, 12, 2)] -> 0.02334239590327002
Pu[(7, 12, 3), (7, 12, 0)] -> 0.026372951901966757
Pu[(7, 12, 3), (7, 11, 3)] -> 0.9502846521947633
Pu[(7, 13, 0), (7, 13, 3)] -> 0.7640538810934485
Pu[(7, 13, 0), (7, 13, 1)] -> 0.08506669430774708
Pu[(7, 13, 0), (7, 13, 0)] -> 0.15087942459880427
Pu[(7, 13, 1), (7, 14, 1)] -> 0.021792196055803868
Pu[(7, 13, 1), (7, 13, 2)] -> 0.46734826786717093
Pu[(7, 13, 1), (7, 13, 0)] -> 0.5108595360770252
Pu[(7, 13, 2), (7, 13, 3)] -> 0.7740004076299961
Pu[(7, 13, 2), (7, 13, 2)] -> 0.13982549169570896
Pu[(7, 13, 2), (7, 13, 1)] -> 0.0861741006742948
Pu[(7, 13, 3), (7, 13, 2)] -> 0.022180104669646625
Pu[(7, 13, 3), (7, 13, 0)] -> 0.024245126730406526
Pu[(7, 13, 3), (7, 12, 3)] -> 0.9535747685999468
Pu[(7, 14, 0), (7, 14, 3)] -> 0.8149736934780143
Pu[(7, 14, 0), (7, 14, 1)] -> 0.0533540466777966
Pu[(7, 14, 0), (7, 14, 0)] -> 0.13167225984418904
Pu[(7, 14, 1), (7, 15, 1)] -> 0.014353943561278941
Pu[(7, 14, 1), (7, 14, 2)] -> 0.5560191121820108
Pu[(7, 14, 1), (7, 14, 0)] -> 0.4296269442567103
Pu[(7, 14, 2), (7, 14, 3)] -> 0.7845815700637472
Pu[(7, 14, 2), (7, 14, 2)] -> 0.16405407051371232
Pu[(7, 14, 2), (7, 14, 1)] -> 0.05136435942254054
Pu[(7, 14, 3), (7, 14, 2)] -> 0.025680074901860316
Pu[(7, 14, 3), (7, 14, 0)] -> 0.019842577110475518
Pu[(7, 14, 3), (7, 13, 3)] -> 0.9544773479876641
Pu[(7, 15, 0), (7, 15, 3)] -> 0.8413813846956866
Pu[(7, 15, 0), (7, 15, 1)] -> 0.035705205722581644
Pu[(7, 15, 0), (7, 15, 0)] -> 0.1229134095817318
Pu[(7, 15, 1), (7, 15, 2)] -> 0.4124922607681959
Pu[(7, 15, 1), (7, 15, 1)] -> 0.13224856775250116
Pu[(7, 15, 1), (7, 15, 0)] -> 0.45525917147930295
Pu[(7, 15, 2), (7, 15, 3)] -> 0.9578897275510988
Pu[(7, 15, 2), (7, 15, 1)] -> 0.04064940157207046
Pu[(7, 15, 2), (6, 15, 2)] -> 0.0014608708768306504
Pu[(7, 15, 3), (7, 15, 2)] -> 0.016260697536186013
Pu[(7, 15, 3), (7, 15, 0)] -> 0.017946595347542
Pu[(7, 15, 3), (7, 14, 3)] -> 0.9657927071162721
Pu[(8, 1, 0), (9, 1, 0)] -> 0.9667365443192637
Pu[(8, 1, 0), (8, 1, 3)] -> 0.017718081287617912
Pu[(8, 1, 0), (8, 1, 1)] -> 0.015545374393118367
Pu[(8, 1, 1), (8, 2, 1)] -> 3.702893863408858e-20
Pu[(8, 1, 1), (8, 1, 2)] -> 0.032685236968499135
Pu[(8, 1, 1), (8, 1, 0)] -> 0.9673147630315008
Pu[(8, 1, 2), (8, 1, 3)] -> 0.5243725868552949
Pu[(8, 1, 2), (8, 1, 1)] -> 0.46007059409136875
Pu[(8, 1, 2), (7, 1, 2)] -> 0.015556819053336342
Pu[(8, 1, 3), (8, 1, 3)] -> 0.12262655699290383
Pu[(8, 1, 3), (8, 1, 2)] -> 0.028677158894554907
Pu[(8, 1, 3), (8, 1, 0)] -> 0.8486962841125413
Pu[(8, 4, 0), (9, 4, 0)] -> 0.9588741639498847
Pu[(8, 4, 0), (8, 4, 3)] -> 0.02249024040232336
Pu[(8, 4, 0), (8, 4, 1)] -> 0.01863559564779197
Pu[(8, 4, 1), (8, 4, 2)] -> 0.05841071172128222
Pu[(8, 4, 1), (8, 4, 1)] -> 0.12415298974909027
Pu[(8, 4, 1), (8, 4, 0)] -> 0.8174362985296276
Pu[(8, 4, 2), (8, 4, 3)] -> 0.5388264833965724
Pu[(8, 4, 2), (8, 4, 1)] -> 0.44647599533275295
Pu[(8, 4, 2), (7, 4, 2)] -> 0.014697521270674752
Pu[(8, 4, 3), (8, 4, 3)] -> 0.1460817735917878
Pu[(8, 4, 3), (8, 4, 2)] -> 0.056948269243951403
Pu[(8, 4, 3), (8, 4, 0)] -> 0.7969699571642607
Pu[(9, 1, 0), (10, 1, 0)] -> 0.9667364297111645
Pu[(9, 1, 0), (9, 1, 3)] -> 0.017718145380726382
Pu[(9, 1, 0), (9, 1, 1)] -> 0.015545424908109168
Pu[(9, 1, 1), (9, 2, 1)] -> 4.696956818849279e-21
Pu[(9, 1, 1), (9, 1, 2)] -> 0.03268750056963981
Pu[(9, 1, 1), (9, 1, 0)] -> 0.9673124994303601
Pu[(9, 1, 2), (9, 1, 3)] -> 0.5243736977986294
Pu[(9, 1, 2), (9, 1, 1)] -> 0.4600713995598752
Pu[(9, 1, 2), (8, 1, 2)] -> 0.01555490264149535
Pu[(9, 1, 3), (9, 1, 3)] -> 0.12262667938383601
Pu[(9, 1, 3), (9, 1, 2)] -> 0.028679140917427633
Pu[(9, 1, 3), (9, 1, 0)] -> 0.8486941796987364
Pu[(9, 4, 0), (9, 4, 3)] -> 0.03335117777388629
Pu[(9, 4, 0), (9, 4, 1)] -> 0.8439827435468834
Pu[(9, 4, 0), (9, 4, 0)] -> 0.12266607867923025
Pu[(9, 4, 1), (9, 5, 1)] -> 0.9662484828611356
Pu[(9, 4, 1), (9, 4, 2)] -> 0.015924583605104164
Pu[(9, 4, 1), (9, 4, 0)] -> 0.017826933533760244
Pu[(9, 4, 2), (9, 4, 3)] -> 0.03796569846200463
Pu[(9, 4, 2), (9, 4, 1)] -> 0.9607575050535487
Pu[(9, 4, 2), (8, 4, 2)] -> 0.0012767964844465703
Pu[(9, 4, 3), (9, 4, 3)] -> 0.12557232449597636
Pu[(9, 4, 3), (9, 4, 2)] -> 0.41257098363576644
Pu[(9, 4, 3), (9, 4, 0)] -> 0.4618566918682572
Pu[(9, 5, 0), (9, 5, 3)] -> 0.03871904422779353
Pu[(9, 5, 0), (9, 5, 1)] -> 0.8380433240486497
Pu[(9, 5, 0), (9, 5, 0)] -> 0.12323763172355676
Pu[(9, 5, 1), (9, 6, 1)] -> 0.9639172726824701
Pu[(9, 5, 1), (9, 5, 2)] -> 0.018046960946123673
Pu[(9, 5, 1), (9, 5, 0)] -> 0.018035766371406418
Pu[(9, 5, 2), (9, 5, 3)] -> 0.03871608275496963
Pu[(9, 5, 2), (9, 5, 2)] -> 0.12330469195137127
Pu[(9, 5, 2), (9, 5, 1)] -> 0.8379792252936592
Pu[(9, 5, 3), (9, 5, 2)] -> 0.4917702763822754
Pu[(9, 5, 3), (9, 5, 0)] -> 0.4914652300579041
Pu[(9, 5, 3), (9, 4, 3)] -> 0.01676449355982045
Pu[(9, 6, 0), (9, 6, 3)] -> 0.03979485453837488
Pu[(9, 6, 0), (9, 6, 1)] -> 0.8324060926764926
Pu[(9, 6, 0), (9, 6, 0)] -> 0.12779905278513248
Pu[(9, 6, 1), (9, 7, 1)] -> 0.9628402825925616
Pu[(9, 6, 1), (9, 6, 2)] -> 0.01833023950404258
Pu[(9, 6, 1), (9, 6, 0)] -> 0.018829477903395724
Pu[(9, 6, 2), (9, 6, 3)] -> 0.039930154705061734
Pu[(9, 6, 2), (9, 6, 2)] -> 0.12483362082385219
Pu[(9, 6, 2), (9, 6, 1)] -> 0.8352362244710861
Pu[(9, 6, 3), (9, 6, 2)] -> 0.48389395453152856
Pu[(9, 6, 3), (9, 6, 0)] -> 0.4970731845827073
Pu[(9, 6, 3), (9, 5, 3)] -> 0.019032860885764127
Pu[(9, 7, 0), (9, 7, 3)] -> 0.04909340785752644
Pu[(9, 7, 0), (9, 7, 1)] -> 0.8237531646191892
Pu[(9, 7, 0), (9, 7, 0)] -> 0.1271534275232844
Pu[(9, 7, 1), (9, 8, 1)] -> 0.9627271732004445
Pu[(9, 7, 1), (9, 7, 2)] -> 0.018335208030689176
Pu[(9, 7, 1), (9, 7, 0)] -> 0.018937618768866186
Pu[(9, 7, 2), (9, 7, 3)] -> 0.049292786565105606
Pu[(9, 7, 2), (9, 7, 2)] -> 0.12360861307405392
Pu[(9, 7, 2), (9, 7, 1)] -> 0.8270986003608405
Pu[(9, 7, 3), (9, 7, 2)] -> 0.48225260877156917
Pu[(9, 7, 3), (9, 7, 0)] -> 0.49809721492774767
Pu[(9, 7, 3), (9, 6, 3)] -> 0.01965017630068308
Pu[(9, 8, 0), (9, 8, 3)] -> 0.0318338785673879
Pu[(9, 8, 0), (9, 8, 1)] -> 0.8447797556965372
Pu[(9, 8, 0), (9, 8, 0)] -> 0.12338636573607509
Pu[(9, 8, 1), (9, 9, 1)] -> 0.9642125887589817
Pu[(9, 8, 1), (9, 8, 2)] -> 0.01786602793158126
Pu[(9, 8, 1), (9, 8, 0)] -> 0.017921383309437072
Pu[(9, 8, 2), (9, 8, 3)] -> 0.03184601554542766
Pu[(9, 8, 2), (9, 8, 2)] -> 0.12305214820094482
Pu[(9, 8, 2), (9, 8, 1)] -> 0.8451018362536274
Pu[(9, 8, 3), (9, 8, 2)] -> 0.48655684768120583
Pu[(9, 8, 3), (9, 8, 0)] -> 0.4880643757257644
Pu[(9, 8, 3), (9, 7, 3)] -> 0.025378776593029825
Pu[(9, 9, 0), (9, 9, 3)] -> 0.03662304848969448
Pu[(9, 9, 0), (9, 9, 1)] -> 0.8402174315975729
Pu[(9, 9, 0), (9, 9, 0)] -> 0.12315951991273258
Pu[(9, 9, 1), (9, 10, 1)] -> 0.9603807777592241
Pu[(9, 9, 1), (9, 9, 2)] -> 0.021634826753098465
Pu[(9, 9, 1), (9, 9, 0)] -> 0.01798439548767747
Pu[(9, 9, 2), (9, 9, 3)] -> 0.03572985094047982
Pu[(9, 9, 2), (9, 9, 2)] -> 0.14454473496621284
Pu[(9, 9, 2), (9, 9, 1)] -> 0.8197254140933073
Pu[(9, 9, 3), (9, 9, 2)] -> 0.5380783264165119
Pu[(9, 9, 3), (9, 9, 0)] -> 0.4472886950313227
Pu[(9, 9, 3), (9, 8, 3)] -> 0.014632978552165492
Pu[(9, 10, 0), (9, 10, 3)] -> 0.031484785355355614
Pu[(9, 10, 0), (9, 10, 1)] -> 0.8443509277790819
Pu[(9, 10, 0), (9, 10, 0)] -> 0.12416428686556223
Pu[(9, 10, 1), (9, 11, 1)] -> 0.964109550172863
Pu[(9, 10, 1), (9, 10, 2)] -> 0.01785253130958611
Pu[(9, 10, 1), (9, 10, 0)] -> 0.01803791851755079
Pu[(9, 10, 2), (9, 10, 3)] -> 0.03152501492088704
Pu[(9, 10, 2), (9, 10, 2)] -> 0.12304519109220322
Pu[(9, 10, 2), (9, 10, 1)] -> 0.8454297939869099
Pu[(9, 10, 3), (9, 10, 2)] -> 0.4881275263151517
Pu[(9, 10, 3), (9, 10, 0)] -> 0.49319642089738275
Pu[(9, 10, 3), (9, 9, 3)] -> 0.0186760527874654
Pu[(9, 11, 0), (9, 11, 3)] -> 0.04128554496187798
Pu[(9, 11, 0), (9, 11, 1)] -> 0.8280762872595617
Pu[(9, 11, 0), (9, 11, 0)] -> 0.13063816777856044
Pu[(9, 11, 1), (9, 12, 1)] -> 0.9625522045703689
Pu[(9, 11, 1), (9, 11, 2)] -> 0.018100057327764738
Pu[(9, 11, 1), (9, 11, 0)] -> 0.01934773810186627
Pu[(9, 11, 2), (9, 11, 3)] -> 0.041636309427999105
Pu[(9, 11, 2), (9, 11, 2)] -> 0.12325201751151649
Pu[(9, 11, 2), (9, 11, 1)] -> 0.8351116730604845
Pu[(9, 11, 3), (9, 11, 2)] -> 0.47594626881965096
Pu[(9, 11, 3), (9, 11, 0)] -> 0.5087543974547314
Pu[(9, 11, 3), (9, 10, 3)] -> 0.01529933372561762
Pu[(9, 12, 0), (9, 12, 3)] -> 0.03648179802199032
Pu[(9, 12, 0), (9, 12, 1)] -> 0.8382038929700901
Pu[(9, 12, 0), (9, 12, 0)] -> 0.12531430900791948
Pu[(9, 12, 1), (9, 13, 1)] -> 0.9633164702615721
Pu[(9, 12, 1), (9, 12, 2)] -> 0.01834940187943837
Pu[(9, 12, 1), (9, 12, 0)] -> 0.018334127858989663
Pu[(9, 12, 2), (9, 12, 3)] -> 0.036477989778810276
Pu[(9, 12, 2), (9, 12, 2)] -> 0.1254056152482369
Pu[(9, 12, 2), (9, 12, 1)] -> 0.8381163949729529
Pu[(9, 12, 3), (9, 12, 2)] -> 0.4898066691862277
Pu[(9, 12, 3), (9, 12, 0)] -> 0.4893989546933947
Pu[(9, 12, 3), (9, 11, 3)] -> 0.02079437612037761
Pu[(9, 13, 0), (9, 13, 3)] -> 0.03594456280940469
Pu[(9, 13, 0), (9, 13, 1)] -> 0.8407445407972497
Pu[(9, 13, 0), (9, 13, 0)] -> 0.12331089639334582
Pu[(9, 13, 1), (9, 14, 1)] -> 0.9630936062765305
Pu[(9, 13, 1), (9, 13, 2)] -> 0.018919884263149424
Pu[(9, 13, 1), (9, 13, 0)] -> 0.017986509460320037
Pu[(9, 13, 2), (9, 13, 3)] -> 0.03571601679322363
Pu[(9, 13, 2), (9, 13, 2)] -> 0.12888514146404156
Pu[(9, 13, 2), (9, 13, 1)] -> 0.8353988417427347
Pu[(9, 13, 3), (9, 13, 2)] -> 0.5033775368509108
Pu[(9, 13, 3), (9, 13, 0)] -> 0.47854440876872284
Pu[(9, 13, 3), (9, 12, 3)] -> 0.018078054380366526
Pu[(9, 14, 0), (9, 14, 3)] -> 0.03573053814746155
Pu[(9, 14, 0), (9, 14, 1)] -> 0.8403952318159924
Pu[(9, 14, 0), (9, 14, 0)] -> 0.12387423003654617
Pu[(9, 14, 1), (9, 15, 1)] -> 0.9636027494638373
Pu[(9, 14, 1), (9, 14, 2)] -> 0.01832101391334895
Pu[(9, 14, 1), (9, 14, 0)] -> 0.01807623662281377
Pu[(9, 14, 2), (9, 14, 3)] -> 0.03567070308577144
Pu[(9, 14, 2), (9, 14, 2)] -> 0.1253414074766873
Pu[(9, 14, 2), (9, 14, 1)] -> 0.8389878894375412
Pu[(9, 14, 3), (9, 14, 2)] -> 0.49429608570903705
Pu[(9, 14, 3), (9, 14, 0)] -> 0.48769205947150185
Pu[(9, 14, 3), (9, 13, 3)] -> 0.01801185481946126
Pu[(9, 15, 0), (10, 15, 0)] -> 0.9665531968645718
Pu[(9, 15, 0), (9, 15, 3)] -> 0.01565161200304148
Pu[(9, 15, 0), (9, 15, 1)] -> 0.01779519113238683
Pu[(9, 15, 1), (9, 15, 2)] -> 0.03226911096608737
Pu[(9, 15, 1), (9, 15, 1)] -> 0.12263309662611944
Pu[(9, 15, 1), (9, 15, 0)] -> 0.8450977924077931
Pu[(9, 15, 2), (9, 15, 3)] -> 0.41048726913681555
Pu[(9, 15, 2), (9, 15, 2)] -> 0.12280684713174066
Pu[(9, 15, 2), (9, 15, 1)] -> 0.4667058837314437
Pu[(9, 15, 3), (9, 15, 2)] -> 0.036751698867730574
Pu[(9, 15, 3), (9, 15, 0)] -> 0.9624925710843335
Pu[(9, 15, 3), (9, 14, 3)] -> 0.0007557300479358665
Pu[(10, 1, 0), (11, 1, 0)] -> 0.9667364973304343
Pu[(10, 1, 0), (10, 1, 3)] -> 0.017718101692347325
Pu[(10, 1, 0), (10, 1, 1)] -> 0.015545400977218397
Pu[(10, 1, 1), (10, 2, 1)] -> 5.957911174124546e-22
Pu[(10, 1, 1), (10, 1, 2)] -> 0.03268521864155817
Pu[(10, 1, 1), (10, 1, 0)] -> 0.9673147813584418
Pu[(10, 1, 2), (10, 1, 3)] -> 0.5243728673824757
Pu[(10, 1, 2), (10, 1, 1)] -> 0.46007109715117644
Pu[(10, 1, 2), (9, 1, 2)] -> 0.015556035466347982
Pu[(10, 1, 3), (10, 1, 3)] -> 0.12262665797786532
Pu[(10, 1, 3), (10, 1, 2)] -> 0.028677139514268063
Pu[(10, 1, 3), (10, 1, 0)] -> 0.8486962025078665
Pu[(10, 15, 0), (11, 15, 0)] -> 0.9642252859000592
Pu[(10, 15, 0), (10, 15, 3)] -> 0.017804710715187043
Pu[(10, 15, 0), (10, 15, 1)] -> 0.017970003384753915
Pu[(10, 15, 1), (10, 15, 2)] -> 0.03153600451579019
Pu[(10, 15, 1), (10, 15, 1)] -> 0.12378003561653149
Pu[(10, 15, 1), (10, 15, 0)] -> 0.8446839598676782
Pu[(10, 15, 2), (10, 15, 3)] -> 0.4895600499982678
Pu[(10, 15, 2), (10, 15, 1)] -> 0.4941049532472984
Pu[(10, 15, 2), (9, 15, 2)] -> 0.016334996754433714
Pu[(10, 15, 3), (10, 15, 3)] -> 0.12278126919124302
Pu[(10, 15, 3), (10, 15, 2)] -> 0.031571951086033286
Pu[(10, 15, 3), (10, 15, 0)] -> 0.8456467797227235
Pu[(11, 1, 0), (12, 1, 0)] -> 0.966736166541897
Pu[(11, 1, 0), (11, 1, 3)] -> 0.017718282444966312
Pu[(11, 1, 0), (11, 1, 1)] -> 0.015545551013136628
Pu[(11, 1, 1), (11, 2, 1)] -> 7.55729621094701e-23
Pu[(11, 1, 1), (11, 1, 2)] -> 0.032694174444836285
Pu[(11, 1, 1), (11, 1, 0)] -> 0.9673058255551636
Pu[(11, 1, 2), (11, 1, 3)] -> 0.524373670090611
Pu[(11, 1, 2), (11, 1, 1)] -> 0.4600715483376396
Pu[(11, 1, 2), (10, 1, 2)] -> 0.015554781571749426
Pu[(11, 1, 3), (11, 1, 3)] -> 0.12262673662801664
Pu[(11, 1, 3), (11, 1, 2)] -> 0.028684994525918918
Pu[(11, 1, 3), (11, 1, 0)] -> 0.8486882688460646
Pu[(11, 4, 0), (12, 4, 0)] -> 0.4377915398272221
Pu[(11, 4, 0), (11, 4, 3)] -> 0.10048276996501304
Pu[(11, 4, 0), (11, 4, 1)] -> 0.4617256902077649
Pu[(11, 4, 1), (11, 5, 1)] -> 0.843085418263294
Pu[(11, 4, 1), (11, 4, 2)] -> 0.05212292749869469
Pu[(11, 4, 1), (11, 4, 0)] -> 0.10479165423801147
Pu[(11, 4, 2), (11, 4, 3)] -> 0.14287045425910308
Pu[(11, 4, 2), (11, 4, 2)] -> 0.2006293405211343
Pu[(11, 4, 2), (11, 4, 1)] -> 0.6565002052197626
Pu[(11, 4, 3), (11, 4, 3)] -> 0.19129499499433988
Pu[(11, 4, 3), (11, 4, 2)] -> 0.26863068987731403
Pu[(11, 4, 3), (11, 4, 0)] -> 0.5400743151283462
Pu[(11, 5, 0), (12, 5, 0)] -> 0.19949380724509852
Pu[(11, 5, 0), (11, 5, 3)] -> 0.3983177957095699
Pu[(11, 5, 0), (11, 5, 1)] -> 0.4021883970453316
Pu[(11, 5, 1), (11, 6, 1)] -> 0.7288680629591778
Pu[(11, 5, 1), (11, 5, 2)] -> 0.14870241361100509
Pu[(11, 5, 1), (11, 5, 0)] -> 0.12242952342981697
Pu[(11, 5, 2), (11, 5, 3)] -> 0.3408227745876471
Pu[(11, 5, 2), (11, 5, 2)] -> 0.31504254987328856
Pu[(11, 5, 2), (11, 5, 1)] -> 0.3441346755390644
Pu[(11, 5, 3), (11, 5, 2)] -> 0.5343564265175593
Pu[(11, 5, 3), (11, 5, 0)] -> 0.439945802166611
Pu[(11, 5, 3), (11, 4, 3)] -> 0.025697771315829714
Pu[(11, 6, 0), (12, 6, 0)] -> 0.29056501155341274
Pu[(11, 6, 0), (11, 6, 3)] -> 0.2819282447588327
Pu[(11, 6, 0), (11, 6, 1)] -> 0.42750674368775443
Pu[(11, 6, 1), (11, 7, 1)] -> 0.8408932950338426
Pu[(11, 6, 1), (11, 6, 2)] -> 0.07630196556771597
Pu[(11, 6, 1), (11, 6, 0)] -> 0.0828047393984416
Pu[(11, 6, 2), (11, 6, 3)] -> 0.3018070951578348
Pu[(11, 6, 2), (11, 6, 2)] -> 0.24054252439462784
Pu[(11, 6, 2), (11, 6, 1)] -> 0.45765038044753736
Pu[(11, 6, 3), (11, 6, 2)] -> 0.39917801849190143
Pu[(11, 6, 3), (11, 6, 0)] -> 0.43319764502624514
Pu[(11, 6, 3), (11, 5, 3)] -> 0.16762433648185335
Pu[(11, 7, 0), (12, 7, 0)] -> 0.2744799345892591
Pu[(11, 7, 0), (11, 7, 3)] -> 0.13431613922354968
Pu[(11, 7, 0), (11, 7, 1)] -> 0.5912039261871911
Pu[(11, 7, 1), (11, 8, 1)] -> 0.8924569927284752
Pu[(11, 7, 1), (11, 7, 2)] -> 0.049914838351599364
Pu[(11, 7, 1), (11, 7, 0)] -> 0.05762816891992555
Pu[(11, 7, 2), (11, 7, 3)] -> 0.1442493703987047
Pu[(11, 7, 2), (11, 7, 2)] -> 0.2208247404063482
Pu[(11, 7, 2), (11, 7, 1)] -> 0.6349258891949471
Pu[(11, 7, 3), (11, 7, 2)] -> 0.40292096284747597
Pu[(11, 7, 3), (11, 7, 0)] -> 0.46518426334059026
Pu[(11, 7, 3), (11, 6, 3)] -> 0.1318947738119339
Pu[(11, 8, 0), (12, 8, 0)] -> 0.3874972075746489
Pu[(11, 8, 0), (11, 8, 3)] -> 0.12048252832399536
Pu[(11, 8, 0), (11, 8, 1)] -> 0.49202026410135585
Pu[(11, 8, 1), (11, 9, 1)] -> 0.8629922246710342
Pu[(11, 8, 1), (11, 8, 2)] -> 0.05885945562278961
Pu[(11, 8, 1), (11, 8, 0)] -> 0.07814831970617624
Pu[(11, 8, 2), (11, 8, 3)] -> 0.15163577064215328
Pu[(11, 8, 2), (11, 8, 2)] -> 0.2291219794115867
Pu[(11, 8, 2), (11, 8, 1)] -> 0.61924224994626
Pu[(11, 8, 3), (11, 8, 2)] -> 0.41212425879528897
Pu[(11, 8, 3), (11, 8, 0)] -> 0.5471817228723247
Pu[(11, 8, 3), (11, 7, 3)] -> 0.040694018332386145
Pu[(11, 9, 0), (12, 9, 0)] -> 0.4744756361753508
Pu[(11, 9, 0), (11, 9, 3)] -> 0.12546704118603996
Pu[(11, 9, 0), (11, 9, 1)] -> 0.4000573226386092
Pu[(11, 9, 1), (11, 10, 1)] -> 0.9059777053855763
Pu[(11, 9, 1), (11, 9, 2)] -> 0.043229718461203666
Pu[(11, 9, 1), (11, 9, 0)] -> 0.05079257615322007
Pu[(11, 9, 2), (11, 9, 3)] -> 0.19009718474656986
Pu[(11, 9, 2), (11, 9, 2)] -> 0.20376936337673582
Pu[(11, 9, 2), (11, 9, 1)] -> 0.6061334518766944
Pu[(11, 9, 3), (11, 9, 2)] -> 0.43304775455849454
Pu[(11, 9, 3), (11, 9, 0)] -> 0.5088076405386068
Pu[(11, 9, 3), (11, 8, 3)] -> 0.05814460490289868
Pu[(11, 10, 0), (12, 10, 0)] -> 0.2828363158567412
Pu[(11, 10, 0), (11, 10, 3)] -> 0.3760726599958108
Pu[(11, 10, 0), (11, 10, 1)] -> 0.34109102414744813
Pu[(11, 10, 1), (11, 11, 1)] -> 0.7552635341094391
Pu[(11, 10, 1), (11, 10, 2)] -> 0.08609514953368436
Pu[(11, 10, 1), (11, 10, 0)] -> 0.15864131635687637
Pu[(11, 10, 2), (11, 10, 3)] -> 0.3975845204490718
Pu[(11, 10, 2), (11, 10, 2)] -> 0.24181359143000872
Pu[(11, 10, 2), (11, 10, 1)] -> 0.3606018881209194
Pu[(11, 10, 3), (11, 10, 2)] -> 0.3437596083204016
Pu[(11, 10, 3), (11, 10, 0)] -> 0.6334210123293457
Pu[(11, 10, 3), (11, 9, 3)] -> 0.022819379350252716
Pu[(11, 11, 0), (12, 11, 0)] -> 0.48750259276110613
Pu[(11, 11, 0), (11, 11, 3)] -> 0.04702850014513953
Pu[(11, 11, 0), (11, 11, 1)] -> 0.46546890709375427
Pu[(11, 11, 1), (11, 12, 1)] -> 0.9367895960622173
Pu[(11, 11, 1), (11, 11, 2)] -> 0.02868277669254416
Pu[(11, 11, 1), (11, 11, 0)] -> 0.0345276272452385
Pu[(11, 11, 2), (11, 11, 3)] -> 0.07583210683214277
Pu[(11, 11, 2), (11, 11, 2)] -> 0.17361263878298272
Pu[(11, 11, 2), (11, 11, 1)] -> 0.7505552543848745
Pu[(11, 11, 3), (11, 11, 2)] -> 0.3317798789588464
Pu[(11, 11, 3), (11, 11, 0)] -> 0.3993885289055427
Pu[(11, 11, 3), (11, 10, 3)] -> 0.2688315921356109
Pu[(11, 12, 0), (12, 12, 0)] -> 0.4414938121949533
Pu[(11, 12, 0), (11, 12, 3)] -> 0.16787154985870575
Pu[(11, 12, 0), (11, 12, 1)] -> 0.3906346379463408
Pu[(11, 12, 1), (11, 13, 1)] -> 0.9096757708419733
Pu[(11, 12, 1), (11, 12, 2)] -> 0.037088297249814085
Pu[(11, 12, 1), (11, 12, 0)] -> 0.05323593190821275
Pu[(11, 12, 2), (11, 12, 3)] -> 0.2481928589332471
Pu[(11, 12, 2), (11, 12, 2)] -> 0.17426599325546824
Pu[(11, 12, 2), (11, 12, 1)] -> 0.5775411478112846
Pu[(11, 12, 3), (11, 12, 2)] -> 0.40327365570671264
Pu[(11, 12, 3), (11, 12, 0)] -> 0.5788523730537725
Pu[(11, 12, 3), (11, 11, 3)] -> 0.017873971239514917
Pu[(11, 13, 0), (12, 13, 0)] -> 0.46709235621569917
Pu[(11, 13, 0), (11, 13, 3)] -> 0.14889792930688586
Pu[(11, 13, 0), (11, 13, 1)] -> 0.38400971447741505
Pu[(11, 13, 1), (11, 14, 1)] -> 0.9173364819759009
Pu[(11, 13, 1), (11, 13, 2)] -> 0.02432124915874476
Pu[(11, 13, 1), (11, 13, 0)] -> 0.0583422688653544
Pu[(11, 13, 2), (11, 13, 3)] -> 0.24448165774365613
Pu[(11, 13, 2), (11, 13, 2)] -> 0.12499693727690746
Pu[(11, 13, 2), (11, 13, 1)] -> 0.6305214049794367
Pu[(11, 13, 3), (11, 13, 2)] -> 0.2708761428585772
Pu[(11, 13, 3), (11, 13, 0)] -> 0.6497827744255917
Pu[(11, 13, 3), (11, 12, 3)] -> 0.07934108271583107
Pu[(11, 14, 0), (12, 14, 0)] -> 0.49348218334406985
Pu[(11, 14, 0), (11, 14, 3)] -> 0.07369763391034945
Pu[(11, 14, 0), (11, 14, 1)] -> 0.43282018274558093
Pu[(11, 14, 1), (11, 15, 1)] -> 0.936669488533096
Pu[(11, 14, 1), (11, 14, 2)] -> 0.02423357892111925
Pu[(11, 14, 1), (11, 14, 0)] -> 0.0390969325457847
Pu[(11, 14, 2), (11, 14, 3)] -> 0.12448466474736329
Pu[(11, 14, 2), (11, 14, 2)] -> 0.14442706977970965
Pu[(11, 14, 2), (11, 14, 1)] -> 0.7310882654729272
Pu[(11, 14, 3), (11, 14, 2)] -> 0.34772512894289054
Pu[(11, 14, 3), (11, 14, 0)] -> 0.5609978598293884
Pu[(11, 14, 3), (11, 13, 3)] -> 0.09127701122772094
Pu[(11, 15, 0), (12, 15, 0)] -> 0.9662923895812207
Pu[(11, 15, 0), (11, 15, 3)] -> 0.015970878495228047
Pu[(11, 15, 0), (11, 15, 1)] -> 0.017736731923551276
Pu[(11, 15, 1), (11, 15, 2)] -> 0.029400459176533302
Pu[(11, 15, 1), (11, 15, 1)] -> 0.12264770240614219
Pu[(11, 15, 1), (11, 15, 0)] -> 0.8479518384173245
Pu[(11, 15, 2), (11, 15, 3)] -> 0.46576093667267005
Pu[(11, 15, 2), (11, 15, 1)] -> 0.5172587642372726
Pu[(11, 15, 2), (10, 15, 2)] -> 0.016980299090057403
Pu[(11, 15, 3), (11, 15, 2)] -> 0.03340629861002578
Pu[(11, 15, 3), (11, 15, 0)] -> 0.9634860513913097
Pu[(11, 15, 3), (11, 14, 3)] -> 0.0031076499986644255
Pu[(12, 1, 0), (13, 1, 0)] -> 0.9667363130291099
Pu[(12, 1, 0), (12, 1, 3)] -> 0.017718203625021547
Pu[(12, 1, 0), (12, 1, 1)] -> 0.015545483345868466
Pu[(12, 1, 1), (12, 2, 1)] -> 9.586175725556394e-24
Pu[(12, 1, 1), (12, 1, 2)] -> 0.032689143914354055
Pu[(12, 1, 1), (12, 1, 0)] -> 0.967310856085646
Pu[(12, 1, 2), (12, 1, 3)] -> 0.5243712977861795
Pu[(12, 1, 2), (12, 1, 1)] -> 0.4600695109562257
Pu[(12, 1, 2), (11, 1, 2)] -> 0.015559191257594826
Pu[(12, 1, 3), (12, 1, 3)] -> 0.12262684416440028
Pu[(12, 1, 3), (12, 1, 2)] -> 0.028680577357700902
Pu[(12, 1, 3), (12, 1, 0)] -> 0.8486925784778988
Pu[(12, 4, 0), (12, 4, 3)] -> 0.2912183360042182
Pu[(12, 4, 0), (12, 4, 1)] -> 0.5118594354015817
Pu[(12, 4, 0), (12, 4, 0)] -> 0.19692222859420017
Pu[(12, 4, 1), (12, 5, 1)] -> 0.7209636429657089
Pu[(12, 4, 1), (12, 4, 2)] -> 0.20685246878391483
Pu[(12, 4, 1), (12, 4, 0)] -> 0.07218388825037629
Pu[(12, 4, 2), (12, 4, 3)] -> 0.3360671193697876
Pu[(12, 4, 2), (12, 4, 1)] -> 0.590687826659252
Pu[(12, 4, 2), (11, 4, 2)] -> 0.07324505397096033
Pu[(12, 4, 3), (12, 4, 3)] -> 0.27670587959736453
Pu[(12, 4, 3), (12, 4, 2)] -> 0.5361852342552942
Pu[(12, 4, 3), (12, 4, 0)] -> 0.18710888614734128
Pu[(12, 5, 0), (12, 5, 3)] -> 0.20366349672729028
Pu[(12, 5, 0), (12, 5, 1)] -> 0.6325612125299627
Pu[(12, 5, 0), (12, 5, 0)] -> 0.16377529074274716
Pu[(12, 5, 1), (12, 6, 1)] -> 0.8307745793921286
Pu[(12, 5, 1), (12, 5, 2)] -> 0.12770585744799484
Pu[(12, 5, 1), (12, 5, 0)] -> 0.04151956315987652
Pu[(12, 5, 2), (12, 5, 3)] -> 0.1788890307656065
Pu[(12, 5, 2), (12, 5, 1)] -> 0.5556138631996639
Pu[(12, 5, 2), (11, 5, 2)] -> 0.2654971060347295
Pu[(12, 5, 3), (12, 5, 2)] -> 0.6617924955902833
Pu[(12, 5, 3), (12, 5, 0)] -> 0.21516112000252266
Pu[(12, 5, 3), (12, 4, 3)] -> 0.12304638440719405
Pu[(12, 6, 0), (12, 6, 3)] -> 0.15953293996863996
Pu[(12, 6, 0), (12, 6, 1)] -> 0.6429102258212371
Pu[(12, 6, 0), (12, 6, 0)] -> 0.19755683421012285
Pu[(12, 6, 1), (12, 7, 1)] -> 0.9244270376488427
Pu[(12, 6, 1), (12, 6, 2)] -> 0.0358970604035673
Pu[(12, 6, 1), (12, 6, 0)] -> 0.039675901947589944
Pu[(12, 6, 2), (12, 6, 3)] -> 0.16701220225324429
Pu[(12, 6, 2), (12, 6, 1)] -> 0.6730513001681179
Pu[(12, 6, 2), (11, 6, 2)] -> 0.15993649757863784
Pu[(12, 6, 3), (12, 6, 2)] -> 0.42940356715022615
Pu[(12, 6, 3), (12, 6, 0)] -> 0.47460637820094775
Pu[(12, 6, 3), (12, 5, 3)] -> 0.09599005464882605
Pu[(12, 7, 0), (12, 7, 3)] -> 0.06605267791324022
Pu[(12, 7, 0), (12, 7, 1)] -> 0.7983680060431586
Pu[(12, 7, 0), (12, 7, 0)] -> 0.13557931604360102
Pu[(12, 7, 1), (12, 8, 1)] -> 0.9501253662280724
Pu[(12, 7, 1), (12, 7, 2)] -> 0.028589049502927705
Pu[(12, 7, 1), (12, 7, 0)] -> 0.021285584268999815
Pu[(12, 7, 2), (12, 7, 3)] -> 0.06837851404245418
Pu[(12, 7, 2), (12, 7, 1)] -> 0.8264800101514959
Pu[(12, 7, 2), (11, 7, 2)] -> 0.10514147580604984
Pu[(12, 7, 3), (12, 7, 2)] -> 0.5272902132371582
Pu[(12, 7, 3), (12, 7, 0)] -> 0.39258668837272936
Pu[(12, 7, 3), (12, 6, 3)] -> 0.08012309839011254
Pu[(12, 8, 0), (12, 8, 3)] -> 0.15938178558040117
Pu[(12, 8, 0), (12, 8, 1)] -> 0.6799361477380922
Pu[(12, 8, 0), (12, 8, 0)] -> 0.16068206668150659
Pu[(12, 8, 1), (12, 9, 1)] -> 0.9348371867277954
Pu[(12, 8, 1), (12, 8, 2)] -> 0.0360402520962803
Pu[(12, 8, 1), (12, 8, 0)] -> 0.02912256117592439
Pu[(12, 8, 2), (12, 8, 3)] -> 0.1742243624239348
Pu[(12, 8, 2), (12, 8, 1)] -> 0.7432558331384537
Pu[(12, 8, 2), (11, 8, 2)] -> 0.08251980443761159
Pu[(12, 8, 3), (12, 8, 2)] -> 0.5418947656895694
Pu[(12, 8, 3), (12, 8, 0)] -> 0.43788160589299785
Pu[(12, 8, 3), (12, 7, 3)] -> 0.02022362841743275
Pu[(12, 9, 0), (12, 9, 3)] -> 0.10136009414607076
Pu[(12, 9, 0), (12, 9, 1)] -> 0.7163302077610157
Pu[(12, 9, 0), (12, 9, 0)] -> 0.18230969809291353
Pu[(12, 9, 1), (12, 10, 1)] -> 0.936583296615096
Pu[(12, 9, 1), (12, 9, 2)] -> 0.032162042149112786
Pu[(12, 9, 1), (12, 9, 0)] -> 0.03125466123579126
Pu[(12, 9, 2), (12, 9, 3)] -> 0.1165907815227883
Pu[(12, 9, 2), (12, 9, 1)] -> 0.8239682436648142
Pu[(12, 9, 2), (11, 9, 2)] -> 0.05944097481239754
Pu[(12, 9, 3), (12, 9, 2)] -> 0.478520260889627
Pu[(12, 9, 3), (12, 9, 0)] -> 0.46501986967206055
Pu[(12, 9, 3), (12, 8, 3)] -> 0.056459869438312556
Pu[(12, 10, 0), (12, 10, 3)] -> 0.07766189029363185
Pu[(12, 10, 0), (12, 10, 1)] -> 0.7921285214228905
Pu[(12, 10, 0), (12, 10, 0)] -> 0.13020958828347765
Pu[(12, 10, 1), (12, 11, 1)] -> 0.9590615815875497
Pu[(12, 10, 1), (12, 10, 2)] -> 0.020771894090812544
Pu[(12, 10, 1), (12, 10, 0)] -> 0.02016652432163792
Pu[(12, 10, 2), (12, 10, 3)] -> 0.07964578723603022
Pu[(12, 10, 2), (12, 10, 1)] -> 0.8123636888350628
Pu[(12, 10, 2), (11, 10, 2)] -> 0.107990523928907
Pu[(12, 10, 3), (12, 10, 2)] -> 0.4806682904909396
Pu[(12, 10, 3), (12, 10, 0)] -> 0.46665983989938936
Pu[(12, 10, 3), (12, 9, 3)] -> 0.05267186960967098
Pu[(12, 11, 0), (12, 11, 3)] -> 0.06463884132937842
Pu[(12, 11, 0), (12, 11, 1)] -> 0.8089714604549242
Pu[(12, 11, 0), (12, 11, 0)] -> 0.12638969821569748
Pu[(12, 11, 1), (12, 12, 1)] -> 0.96059648403747
Pu[(12, 11, 1), (12, 11, 2)] -> 0.02024139319254093
Pu[(12, 11, 1), (12, 11, 0)] -> 0.019162122769989142
Pu[(12, 11, 2), (12, 11, 3)] -> 0.07169948930450705
Pu[(12, 11, 2), (12, 11, 1)] -> 0.8973372570367677
Pu[(12, 11, 2), (11, 11, 2)] -> 0.03096325365872529
Pu[(12, 11, 3), (12, 11, 2)] -> 0.4943952497623853
Pu[(12, 11, 3), (12, 11, 0)] -> 0.4680341112259689
Pu[(12, 11, 3), (12, 10, 3)] -> 0.03757063901164573
Pu[(12, 12, 0), (12, 12, 3)] -> 0.056738895802682966
Pu[(12, 12, 0), (12, 12, 1)] -> 0.8113195176532433
Pu[(12, 12, 0), (12, 12, 0)] -> 0.13194158654407392
Pu[(12, 12, 1), (12, 13, 1)] -> 0.9609443773090697
Pu[(12, 12, 1), (12, 12, 2)] -> 0.019107698948055366
Pu[(12, 12, 1), (12, 12, 0)] -> 0.019947923742874876
Pu[(12, 12, 2), (12, 12, 3)] -> 0.06281402007390337
Pu[(12, 12, 2), (12, 12, 1)] -> 0.8981887953098061
Pu[(12, 12, 2), (11, 12, 2)] -> 0.038997184616290585
Pu[(12, 12, 3), (12, 12, 2)] -> 0.47405396754136436
Pu[(12, 12, 3), (12, 12, 0)] -> 0.4948995910093515
Pu[(12, 12, 3), (12, 11, 3)] -> 0.031046441449284222
Pu[(12, 13, 0), (12, 13, 3)] -> 0.10363691491102887
Pu[(12, 13, 0), (12, 13, 1)] -> 0.7691839699376662
Pu[(12, 13, 0), (12, 13, 0)] -> 0.12717911515130492
Pu[(12, 13, 1), (12, 14, 1)] -> 0.9521438484020204
Pu[(12, 13, 1), (12, 13, 2)] -> 0.027576035007664212
Pu[(12, 13, 1), (12, 13, 0)] -> 0.020280116590315325
Pu[(12, 13, 2), (12, 13, 3)] -> 0.11598350256183214
Pu[(12, 13, 2), (12, 13, 1)] -> 0.8608192459643709
Pu[(12, 13, 2), (11, 13, 2)] -> 0.023197251473797018
Pu[(12, 13, 3), (12, 13, 2)] -> 0.5633387079954995
Pu[(12, 13, 3), (12, 13, 0)] -> 0.4142935949570377
Pu[(12, 13, 3), (12, 12, 3)] -> 0.022367697047462873
Pu[(12, 14, 0), (12, 14, 3)] -> 0.03846420566978362
Pu[(12, 14, 0), (12, 14, 1)] -> 0.8366388885424899
Pu[(12, 14, 0), (12, 14, 0)] -> 0.12489690578772639
Pu[(12, 14, 1), (12, 15, 1)] -> 0.9654284073662448
Pu[(12, 14, 1), (12, 14, 2)] -> 0.01626374012132449
Pu[(12, 14, 1), (12, 14, 0)] -> 0.018307852512430653
Pu[(12, 14, 2), (12, 14, 3)] -> 0.04289320562086095
Pu[(12, 14, 2), (12, 14, 1)] -> 0.9329745214224636
Pu[(12, 14, 2), (11, 14, 2)] -> 0.024132272956675468
Pu[(12, 14, 3), (12, 14, 2)] -> 0.44315157622252405
Pu[(12, 14, 3), (12, 14, 0)] -> 0.4988491969012365
Pu[(12, 14, 3), (12, 13, 3)] -> 0.05799922687623941
Pu[(12, 15, 0), (13, 15, 0)] -> 0.9666727972523255
Pu[(12, 15, 0), (12, 15, 3)] -> 0.015603746531395893
Pu[(12, 15, 0), (12, 15, 1)] -> 0.017723456216278625
Pu[(12, 15, 1), (12, 15, 2)] -> 0.02891425983542569
Pu[(12, 15, 1), (12, 15, 1)] -> 0.12262914782233171
Pu[(12, 15, 1), (12, 15, 0)] -> 0.8484565923422424
Pu[(12, 15, 2), (12, 15, 3)] -> 0.4607391668961079
Pu[(12, 15, 2), (12, 15, 1)] -> 0.5233288322889302
Pu[(12, 15, 2), (11, 15, 2)] -> 0.01593200081496188
Pu[(12, 15, 3), (12, 15, 2)] -> 0.03292869511200785
Pu[(12, 15, 3), (12, 15, 0)] -> 0.9662557023431241
Pu[(12, 15, 3), (12, 14, 3)] -> 0.0008156025448680324
Pu[(13, 1, 0), (14, 1, 0)] -> 0.9667362220330364
Pu[(13, 1, 0), (13, 1, 3)] -> 0.017718227011673523
Pu[(13, 1, 0), (13, 1, 1)] -> 0.015545550955290104
Pu[(13, 1, 1), (13, 2, 1)] -> 1.215964506811994e-24
Pu[(13, 1, 1), (13, 1, 2)] -> 0.03269136363979181
Pu[(13, 1, 1), (13, 1, 0)] -> 0.9673086363602081
Pu[(13, 1, 2), (13, 1, 3)] -> 0.5243718808532781
Pu[(13, 1, 2), (13, 1, 1)] -> 0.4600714161724698
Pu[(13, 1, 2), (12, 1, 2)] -> 0.015556702974252002
Pu[(13, 1, 3), (13, 1, 3)] -> 0.12262676627185963
Pu[(13, 1, 3), (13, 1, 2)] -> 0.028682527431626692
Pu[(13, 1, 3), (13, 1, 0)] -> 0.8486907062965137
Pu[(13, 15, 0), (14, 15, 0)] -> 0.9635410326542131
Pu[(13, 15, 0), (13, 15, 3)] -> 0.01828697395508475
Pu[(13, 15, 0), (13, 15, 1)] -> 0.018171993390702242
Pu[(13, 15, 1), (13, 15, 2)] -> 0.04838227876016811
Pu[(13, 15, 1), (13, 15, 1)] -> 0.12281944783090712
Pu[(13, 15, 1), (13, 15, 0)] -> 0.8287982734089248
Pu[(13, 15, 2), (13, 15, 3)] -> 0.49438839551271024
Pu[(13, 15, 2), (13, 15, 1)] -> 0.49127989561109536
Pu[(13, 15, 2), (12, 15, 2)] -> 0.014331708876194416
Pu[(13, 15, 3), (13, 15, 3)] -> 0.1235005944923019
Pu[(13, 15, 3), (13, 15, 2)] -> 0.04834470904026647
Pu[(13, 15, 3), (13, 15, 0)] -> 0.8281546964674316
Pu[(14, 1, 0), (15, 1, 0)] -> 0.9667361956880532
Pu[(14, 1, 0), (14, 1, 3)] -> 0.017718258012918837
Pu[(14, 1, 0), (14, 1, 1)] -> 0.015545546299027933
Pu[(14, 1, 1), (14, 2, 1)] -> 1.5424016994610931e-25
Pu[(14, 1, 1), (14, 1, 2)] -> 0.032691016910781974
Pu[(14, 1, 1), (14, 1, 0)] -> 0.9673089830892181
Pu[(14, 1, 2), (14, 1, 3)] -> 0.5243718195494632
Pu[(14, 1, 2), (14, 1, 1)] -> 0.4600704196071717
Pu[(14, 1, 2), (13, 1, 2)] -> 0.015557760843364984
Pu[(14, 1, 3), (14, 1, 3)] -> 0.122627011874243
Pu[(14, 1, 3), (14, 1, 2)] -> 0.028682215191882438
Pu[(14, 1, 3), (14, 1, 0)] -> 0.8486907729338746
Pu[(14, 15, 0), (15, 15, 0)] -> 0.9648236543125108
Pu[(14, 15, 0), (14, 15, 3)] -> 0.016408107541955413
Pu[(14, 15, 0), (14, 15, 1)] -> 0.018768238145533685
Pu[(14, 15, 1), (14, 15, 2)] -> 0.07260467021107041
Pu[(14, 15, 1), (14, 15, 1)] -> 0.12309919760999673
Pu[(14, 15, 1), (14, 15, 0)] -> 0.804296132178933
Pu[(14, 15, 2), (14, 15, 3)] -> 0.4546771344090384
Pu[(14, 15, 2), (14, 15, 1)] -> 0.5200775723889907
Pu[(14, 15, 2), (13, 15, 2)] -> 0.0252452932019709
Pu[(14, 15, 3), (14, 14, 3)] -> 5.913244278980001e-39
Pu[(14, 15, 3), (14, 15, 2)] -> 0.08279690246968133
Pu[(14, 15, 3), (14, 15, 0)] -> 0.9172030975303187
Pu[(15, 1, 0), (15, 1, 3)] -> 0.032185319541811495
Pu[(15, 1, 0), (15, 1, 1)] -> 0.8451881860124795
Pu[(15, 1, 0), (15, 1, 0)] -> 0.12262649444570893
Pu[(15, 1, 1), (15, 2, 1)] -> 0.9665890766077848
Pu[(15, 1, 1), (15, 1, 2)] -> 0.015619315810477527
Pu[(15, 1, 1), (15, 1, 0)] -> 0.01779160758173781
Pu[(15, 1, 2), (15, 1, 3)] -> 0.036661748823670626
Pu[(15, 1, 2), (15, 1, 1)] -> 0.9627394546780794
Pu[(15, 1, 2), (14, 1, 2)] -> 0.0005987964982500235
Pu[(15, 1, 3), (15, 1, 3)] -> 0.12262660024535288
Pu[(15, 1, 3), (15, 1, 2)] -> 0.410164425975523
Pu[(15, 1, 3), (15, 1, 0)] -> 0.46720897377912407
Pu[(15, 2, 0), (15, 2, 3)] -> 0.028743355037964907
Pu[(15, 2, 0), (15, 2, 1)] -> 0.8486295950534214
Pu[(15, 2, 0), (15, 2, 0)] -> 0.1226270499086136
Pu[(15, 2, 1), (15, 3, 1)] -> 0.9667338075271151
Pu[(15, 2, 1), (15, 2, 2)] -> 0.01554665475678982
Pu[(15, 2, 1), (15, 2, 0)] -> 0.017719537716095066
Pu[(15, 2, 2), (14, 2, 2)] -> 3.6009400561816202e-28
Pu[(15, 2, 2), (15, 2, 3)] -> 0.0327607034556639
Pu[(15, 2, 2), (15, 2, 1)] -> 0.967239296544336
Pu[(15, 2, 3), (15, 2, 2)] -> 0.45916393943819545
Pu[(15, 2, 3), (15, 2, 0)] -> 0.5233391279363502
Pu[(15, 2, 3), (15, 1, 3)] -> 0.017496932625454438
Pu[(15, 3, 0), (15, 3, 3)] -> 0.028677852880530597
Pu[(15, 3, 0), (15, 3, 1)] -> 0.8486954697068677
Pu[(15, 3, 0), (15, 3, 0)] -> 0.12262667741260166
Pu[(15, 3, 1), (15, 4, 1)] -> 0.9667364449252435
Pu[(15, 3, 1), (15, 3, 2)] -> 0.015545446448687689
Pu[(15, 3, 1), (15, 3, 0)] -> 0.017718108626068818
Pu[(15, 3, 2), (14, 3, 2)] -> 4.568007328000569e-29
Pu[(15, 3, 2), (15, 3, 3)] -> 0.03268603243595191
Pu[(15, 3, 2), (15, 3, 1)] -> 0.9673139675640482
Pu[(15, 3, 3), (15, 3, 2)] -> 0.46005514838365436
Pu[(15, 3, 3), (15, 3, 0)] -> 0.5243533609632621
Pu[(15, 3, 3), (15, 2, 3)] -> 0.015591490653083444
Pu[(15, 4, 0), (15, 4, 3)] -> 0.028677021330260146
Pu[(15, 4, 0), (15, 4, 1)] -> 0.848696061328782
Pu[(15, 4, 0), (15, 4, 0)] -> 0.12262691734095796
Pu[(15, 4, 1), (15, 5, 1)] -> 0.9667364208283546
Pu[(15, 4, 1), (15, 4, 2)] -> 0.015545446099734123
Pu[(15, 4, 1), (15, 4, 0)] -> 0.017718133071911273
Pu[(15, 4, 2), (14, 4, 2)] -> 5.7943323910288606e-30
Pu[(15, 4, 2), (15, 4, 3)] -> 0.03268509360162852
Pu[(15, 4, 2), (15, 4, 1)] -> 0.9673149063983715
Pu[(15, 4, 3), (15, 4, 2)] -> 0.4600717308422826
Pu[(15, 4, 3), (15, 4, 0)] -> 0.5243729962710769
Pu[(15, 4, 3), (15, 3, 3)] -> 0.015555272886640605
Pu[(15, 5, 0), (15, 5, 3)] -> 0.02867808486536339
Pu[(15, 5, 0), (15, 5, 1)] -> 0.8486947847900781
Pu[(15, 5, 0), (15, 5, 0)] -> 0.1226271303445585
Pu[(15, 5, 1), (15, 6, 1)] -> 0.9667363159518657
Pu[(15, 5, 1), (15, 5, 2)] -> 0.015545489070362942
Pu[(15, 5, 1), (15, 5, 0)] -> 0.017718194977771353
Pu[(15, 5, 2), (14, 5, 2)] -> 7.349860756789713e-31
Pu[(15, 5, 2), (15, 5, 3)] -> 0.032686313718163794
Pu[(15, 5, 2), (15, 5, 1)] -> 0.9673136862818362
Pu[(15, 5, 3), (15, 5, 2)] -> 0.4600717842303924
Pu[(15, 5, 3), (15, 5, 0)] -> 0.5243734397720642
Pu[(15, 5, 3), (15, 4, 3)] -> 0.015554775997543442
Pu[(15, 6, 0), (15, 6, 3)] -> 0.028684365742395128
Pu[(15, 6, 0), (15, 6, 1)] -> 0.8486889529172336
Pu[(15, 6, 0), (15, 6, 0)] -> 0.12262668134037143
Pu[(15, 6, 1), (15, 7, 1)] -> 0.9667361426475655
Pu[(15, 6, 1), (15, 6, 2)] -> 0.015545601444364987
Pu[(15, 6, 1), (15, 6, 0)] -> 0.017718255908069473
Pu[(15, 6, 2), (14, 6, 2)] -> 9.322927699361345e-32
Pu[(15, 6, 2), (15, 6, 3)] -> 0.032693455718731564
Pu[(15, 6, 2), (15, 6, 1)] -> 0.9673065442812684
Pu[(15, 6, 3), (15, 6, 2)] -> 0.4600724698693921
Pu[(15, 6, 3), (15, 6, 0)] -> 0.5243722339452048
Pu[(15, 6, 3), (15, 5, 3)] -> 0.01555529618540311
Pu[(15, 7, 0), (15, 7, 3)] -> 0.028918429321496034
Pu[(15, 7, 0), (15, 7, 1)] -> 0.8484542985325743
Pu[(15, 7, 0), (15, 7, 0)] -> 0.1226272721459296
Pu[(15, 7, 1), (15, 8, 1)] -> 0.9667268551841548
Pu[(15, 7, 1), (15, 7, 2)] -> 0.015549903018479225
Pu[(15, 7, 1), (15, 7, 0)] -> 0.017723241797366066
Pu[(15, 7, 2), (14, 7, 2)] -> 1.1822494001332653e-32
Pu[(15, 7, 2), (15, 7, 3)] -> 0.03296025554866108
Pu[(15, 7, 2), (15, 7, 1)] -> 0.9670397444513389
Pu[(15, 7, 3), (15, 7, 2)] -> 0.46007169893269617
Pu[(15, 7, 3), (15, 7, 0)] -> 0.5243738147189185
Pu[(15, 7, 3), (15, 6, 3)] -> 0.015554486348385334
Pu[(15, 8, 0), (15, 8, 3)] -> 0.028691878268556865
Pu[(15, 8, 0), (15, 8, 1)] -> 0.8486812851281308
Pu[(15, 8, 0), (15, 8, 0)] -> 0.1226268366033123
Pu[(15, 8, 1), (15, 9, 1)] -> 0.9667358021012631
Pu[(15, 8, 1), (15, 8, 2)] -> 0.015545762768146443
Pu[(15, 8, 1), (15, 8, 0)] -> 0.017718435130590515
Pu[(15, 8, 2), (14, 8, 2)] -> 1.5000503062819392e-33
Pu[(15, 8, 2), (15, 8, 3)] -> 0.03270202402530561
Pu[(15, 8, 2), (15, 8, 1)] -> 0.9672979759746944
Pu[(15, 8, 3), (15, 8, 2)] -> 0.4600105223865665
Pu[(15, 8, 3), (15, 8, 0)] -> 0.5243014911430594
Pu[(15, 8, 3), (15, 7, 3)] -> 0.015687986470374234
Pu[(15, 9, 0), (15, 9, 3)] -> 0.028685354217121012
Pu[(15, 9, 0), (15, 9, 1)] -> 0.8486872056080567
Pu[(15, 9, 0), (15, 9, 0)] -> 0.12262744017482236
Pu[(15, 9, 1), (15, 10, 1)] -> 0.9667359554111126
Pu[(15, 9, 1), (15, 9, 2)] -> 0.015545650050228755
Pu[(15, 9, 1), (15, 9, 0)] -> 0.017718394538658623
Pu[(15, 9, 2), (14, 9, 2)] -> 1.9027678867599734e-34
Pu[(15, 9, 2), (15, 9, 3)] -> 0.032694610625658
Pu[(15, 9, 2), (15, 9, 1)] -> 0.9673053893743421
Pu[(15, 9, 3), (15, 9, 2)] -> 0.4600678019435321
Pu[(15, 9, 3), (15, 9, 0)] -> 0.5243693768372848
Pu[(15, 9, 3), (15, 8, 3)] -> 0.015562821219183306
Pu[(15, 10, 0), (15, 10, 3)] -> 0.028677243104174115
Pu[(15, 10, 0), (15, 10, 1)] -> 0.848695259457988
Pu[(15, 10, 0), (15, 10, 0)] -> 0.12262749743783774
Pu[(15, 10, 1), (15, 11, 1)] -> 0.9667363257905521
Pu[(15, 10, 1), (15, 10, 2)] -> 0.015545442180723037
Pu[(15, 10, 1), (15, 10, 0)] -> 0.01771823202872491
Pu[(15, 10, 2), (14, 10, 2)] -> 2.413606417281375e-35
Pu[(15, 10, 2), (15, 10, 3)] -> 0.032685367982731285
Pu[(15, 10, 2), (15, 10, 1)] -> 0.9673146320172687
Pu[(15, 10, 3), (15, 10, 2)] -> 0.4600683749334936
Pu[(15, 10, 3), (15, 10, 0)] -> 0.5243722321555029
Pu[(15, 10, 3), (15, 9, 3)] -> 0.015559392911003446
Pu[(15, 11, 0), (15, 11, 3)] -> 0.028679761594415033
Pu[(15, 11, 0), (15, 11, 1)] -> 0.8486926957282711
Pu[(15, 11, 0), (15, 11, 0)] -> 0.12262754267731382
Pu[(15, 11, 1), (15, 12, 1)] -> 0.9667361176485166
Pu[(15, 11, 1), (15, 11, 2)] -> 0.015545591293277886
Pu[(15, 11, 1), (15, 11, 0)] -> 0.017718291058205448
Pu[(15, 11, 2), (14, 11, 2)] -> 3.061550448832062e-36
Pu[(15, 11, 2), (15, 11, 3)] -> 0.032688240159637234
Pu[(15, 11, 2), (15, 11, 1)] -> 0.9673117598403629
Pu[(15, 11, 3), (15, 11, 2)] -> 0.46007205016457803
Pu[(15, 11, 3), (15, 11, 0)] -> 0.5243731382598606
Pu[(15, 11, 3), (15, 10, 3)] -> 0.0155548115755613
Pu[(15, 12, 0), (15, 12, 3)] -> 0.02868134701957898
Pu[(15, 12, 0), (15, 12, 1)] -> 0.8486910893018687
Pu[(15, 12, 0), (15, 12, 0)] -> 0.12262756367855249
Pu[(15, 12, 1), (15, 13, 1)] -> 0.9667360813642782
Pu[(15, 12, 1), (15, 12, 2)] -> 0.015545591256115219
Pu[(15, 12, 1), (15, 12, 0)] -> 0.017718327379606484
Pu[(15, 12, 2), (14, 12, 2)] -> 3.8834429964466115e-37
Pu[(15, 12, 2), (15, 12, 3)] -> 0.03269004795709224
Pu[(15, 12, 2), (15, 12, 1)] -> 0.9673099520429077
Pu[(15, 12, 3), (15, 12, 2)] -> 0.46007090390106753
Pu[(15, 12, 3), (15, 12, 0)] -> 0.524372907974403
Pu[(15, 12, 3), (15, 11, 3)] -> 0.01555618812452956
Pu[(15, 13, 0), (15, 13, 3)] -> 0.029064833075877875
Pu[(15, 13, 0), (15, 13, 1)] -> 0.8482925693059624
Pu[(15, 13, 0), (15, 13, 0)] -> 0.12264259761815978
Pu[(15, 13, 1), (15, 14, 1)] -> 0.9667069254966385
Pu[(15, 13, 1), (15, 13, 2)] -> 0.015564249994137008
Pu[(15, 13, 1), (15, 13, 0)] -> 0.017728824509224635
Pu[(15, 13, 2), (14, 13, 2)] -> 4.923758381971023e-38
Pu[(15, 13, 2), (15, 13, 3)] -> 0.0331277002929171
Pu[(15, 13, 2), (15, 13, 1)] -> 0.966872299707083
Pu[(15, 13, 3), (15, 13, 2)] -> 0.4602255855973389
Pu[(15, 13, 3), (15, 13, 0)] -> 0.524230762470657
Pu[(15, 13, 3), (15, 12, 3)] -> 0.015543651932004134
Pu[(15, 14, 0), (15, 14, 3)] -> 0.02887417157865256
Pu[(15, 14, 0), (15, 14, 1)] -> 0.8484993480308666
Pu[(15, 14, 0), (15, 14, 0)] -> 0.12262648039048077
Pu[(15, 14, 1), (15, 15, 1)] -> 0.9667288584766469
Pu[(15, 14, 1), (15, 14, 2)] -> 0.015548966806478852
Pu[(15, 14, 1), (15, 14, 0)] -> 0.017722174716874314
Pu[(15, 14, 2), (14, 14, 2)] -> 6.247180279000893e-39
Pu[(15, 14, 2), (15, 14, 3)] -> 0.03290978235985877
Pu[(15, 14, 2), (15, 14, 1)] -> 0.9670902176401411
Pu[(15, 14, 3), (15, 14, 2)] -> 0.45997276659146014
Pu[(15, 14, 3), (15, 14, 0)] -> 0.5242610545120783
Pu[(15, 14, 3), (15, 13, 3)] -> 0.015766178896461657
