Pu[(1, 1, 0)][(2, 1, 0)]: 0.8574499519608823
Pu[(1, 1, 0)][(1, 1, 3)]: 0.019923567648353645
Pu[(1, 1, 0)][(1, 1, 1)]: 0.12262648039076406
Pu[(1, 1, 1)][(1, 2, 1)]: 0.8574499519608823
Pu[(1, 1, 1)][(1, 1, 2)]: 0.019923567648353645
Pu[(1, 1, 1)][(1, 1, 0)]: 0.12262648039076408
Pu[(1, 1, 2)][(1, 1, 3)]: 0.12262648039222523
Pu[(1, 1, 2)][(1, 1, 2)]: 0.12262648039222523
Pu[(1, 1, 2)][(1, 1, 1)]: 0.7547470392155494
Pu[(1, 1, 3)][(1, 1, 3)]: 0.1226264803922252
Pu[(1, 1, 3)][(1, 1, 2)]: 0.1226264803922252
Pu[(1, 1, 3)][(1, 1, 0)]: 0.7547470392155494
Pu[(1, 2, 0)][(2, 2, 0)]: 0.8634763636397763
Pu[(1, 2, 0)][(1, 2, 3)]: 0.01771564739476995
Pu[(1, 2, 0)][(1, 2, 1)]: 0.1188079889654537
Pu[(1, 2, 1)][(1, 3, 1)]: 0.8537377452245745
Pu[(1, 2, 1)][(1, 2, 2)]: 0.01969455655995297
Pu[(1, 2, 1)][(1, 2, 0)]: 0.12656769821547253
Pu[(1, 2, 2)][(1, 2, 3)]: 0.11385017511469243
Pu[(1, 2, 2)][(1, 2, 2)]: 0.12262648039073298
Pu[(1, 2, 2)][(1, 2, 1)]: 0.7635233444945746
Pu[(1, 2, 3)][(1, 2, 2)]: 0.13207931984182472
Pu[(1, 2, 3)][(1, 2, 0)]: 0.8488119772261002
Pu[(1, 2, 3)][(1, 1, 3)]: 0.019108702932075117
Pu[(1, 3, 0)][(2, 3, 0)]: 0.8690840359642945
Pu[(1, 3, 0)][(1, 3, 3)]: 0.01757868009381739
Pu[(1, 3, 0)][(1, 3, 1)]: 0.11333728394188801
Pu[(1, 3, 1)][(1, 4, 1)]: 0.8475257728018072
Pu[(1, 3, 1)][(1, 3, 2)]: 0.01979720186318951
Pu[(1, 3, 1)][(1, 3, 0)]: 0.13267702533500325
Pu[(1, 3, 2)][(1, 3, 3)]: 0.11780892068896436
Pu[(1, 3, 2)][(1, 3, 2)]: 0.12262648039051675
Pu[(1, 3, 2)][(1, 3, 1)]: 0.7595645989205189
Pu[(1, 3, 3)][(1, 3, 2)]: 0.1276410445408195
Pu[(1, 3, 3)][(1, 3, 0)]: 0.8554256413284963
Pu[(1, 3, 3)][(1, 2, 3)]: 0.016933314130684093
Pu[(1, 4, 0)][(2, 4, 0)]: 0.8749585581260088
Pu[(1, 4, 0)][(1, 4, 3)]: 0.017476337663071165
Pu[(1, 4, 0)][(1, 4, 1)]: 0.10756510421092003
Pu[(1, 4, 1)][(1, 5, 1)]: 0.8402796909429339
Pu[(1, 4, 1)][(1, 4, 2)]: 0.019923543151729308
Pu[(1, 4, 1)][(1, 4, 0)]: 0.13979676590533693
Pu[(1, 4, 2)][(1, 4, 3)]: 0.12262555242113218
Pu[(1, 4, 2)][(1, 4, 2)]: 0.12262648039048595
Pu[(1, 4, 2)][(1, 4, 1)]: 0.7547479671883819
Pu[(1, 4, 3)][(1, 4, 2)]: 0.1226274083668621
Pu[(1, 4, 3)][(1, 4, 0)]: 0.8604350627038153
Pu[(1, 4, 3)][(1, 3, 3)]: 0.01693752892932262
Pu[(1, 5, 0)][(2, 5, 0)]: 0.8811503147060852
Pu[(1, 5, 0)][(1, 5, 3)]: 0.01736926853556221
Pu[(1, 5, 0)][(1, 5, 1)]: 0.10148041675835266
Pu[(1, 5, 1)][(1, 6, 1)]: 0.8317487050403977
Pu[(1, 5, 1)][(1, 5, 2)]: 0.02007242288456913
Pu[(1, 5, 1)][(1, 5, 0)]: 0.14817887207503325
Pu[(1, 5, 2)][(1, 5, 3)]: 0.12822361481565775
Pu[(1, 5, 2)][(1, 5, 2)]: 0.12262648039048152
Pu[(1, 5, 2)][(1, 5, 1)]: 0.7491499047938608
Pu[(1, 5, 3)][(1, 5, 2)]: 0.11727366846251867
Pu[(1, 5, 3)][(1, 5, 0)]: 0.8657390299522097
Pu[(1, 5, 3)][(1, 4, 3)]: 0.016987301585271546
Pu[(1, 6, 0)][(2, 6, 0)]: 0.8877028603913734
Pu[(1, 6, 0)][(1, 6, 3)]: 0.017256002605322483
Pu[(1, 6, 0)][(1, 6, 1)]: 0.09504113700330415
Pu[(1, 6, 1)][(1, 7, 1)]: 0.8215308826442697
Pu[(1, 6, 1)][(1, 6, 2)]: 0.02025074826746704
Pu[(1, 6, 1)][(1, 6, 0)]: 0.15821836908826323
Pu[(1, 6, 2)][(1, 6, 3)]: 0.13482052875957468
Pu[(1, 6, 2)][(1, 6, 2)]: 0.1226264803904809
Pu[(1, 6, 2)][(1, 6, 1)]: 0.7425529908499444
Pu[(1, 6, 3)][(1, 6, 2)]: 0.11153534132604476
Pu[(1, 6, 3)][(1, 6, 0)]: 0.8714216169809139
Pu[(1, 6, 3)][(1, 5, 3)]: 0.017043041693041355
Pu[(1, 7, 0)][(2, 7, 0)]: 0.894668727742202
Pu[(1, 7, 0)][(1, 7, 3)]: 0.017135623308390014
Pu[(1, 7, 0)][(1, 7, 1)]: 0.08819564894940815
Pu[(1, 7, 1)][(1, 8, 1)]: 0.8090322999042059
Pu[(1, 7, 1)][(1, 7, 2)]: 0.02046888442765575
Pu[(1, 7, 1)][(1, 7, 0)]: 0.1704988156681382
Pu[(1, 7, 2)][(1, 7, 3)]: 0.1427338890959992
Pu[(1, 7, 2)][(1, 7, 2)]: 0.12262648039048077
Pu[(1, 7, 2)][(1, 7, 1)]: 0.7346396305135199
Pu[(1, 7, 3)][(1, 7, 2)]: 0.10535167077836217
Pu[(1, 7, 3)][(1, 7, 0)]: 0.8775434323182377
Pu[(1, 7, 3)][(1, 6, 3)]: 0.017104896903400082
Pu[(1, 8, 0)][(2, 8, 0)]: 0.9021124356445718
Pu[(1, 8, 0)][(1, 8, 3)]: 0.01700702138167663
Pu[(1, 8, 0)][(1, 8, 1)]: 0.08088054297375155
Pu[(1, 8, 1)][(1, 9, 1)]: 0.793337898742787
Pu[(1, 8, 1)][(1, 8, 2)]: 0.020742804228791052
Pu[(1, 8, 1)][(1, 8, 0)]: 0.18591929702842194
Pu[(1, 8, 2)][(1, 8, 3)]: 0.1524351975245416
Pu[(1, 8, 2)][(1, 8, 2)]: 0.12262648039048078
Pu[(1, 8, 2)][(1, 8, 1)]: 0.7249383220849777
Pu[(1, 8, 3)][(1, 8, 2)]: 0.09864686068016551
Pu[(1, 8, 3)][(1, 8, 0)]: 0.884179149040061
Pu[(1, 8, 3)][(1, 7, 3)]: 0.017173990279773572
Pu[(1, 9, 0)][(2, 9, 0)]: 0.910114233510319
Pu[(1, 9, 0)][(1, 9, 3)]: 0.01686881751151717
Pu[(1, 9, 0)][(1, 9, 1)]: 0.07301694897816395
Pu[(1, 9, 1)][(1, 10, 1)]: 0.7729595546536862
Pu[(1, 9, 1)][(1, 9, 2)]: 0.0210984838785192
Pu[(1, 9, 1)][(1, 9, 0)]: 0.20594196146779464
Pu[(1, 9, 2)][(1, 9, 3)]: 0.16465625615407728
Pu[(1, 9, 2)][(1, 9, 2)]: 0.12262648039048075
Pu[(1, 9, 2)][(1, 9, 1)]: 0.712717263455442
Pu[(1, 9, 3)][(1, 9, 2)]: 0.09132512814384552
Pu[(1, 9, 3)][(1, 9, 0)]: 0.8914231055431298
Pu[(1, 9, 3)][(1, 8, 3)]: 0.017251766313024604
Pu[(1, 10, 0)][(2, 10, 0)]: 0.9665158609293889
Pu[(1, 10, 0)][(1, 10, 3)]: 0.015691105596346826
Pu[(1, 10, 0)][(1, 10, 1)]: 0.017793033474264187
Pu[(1, 10, 1)][(1, 10, 2)]: 0.03225322493313243
Pu[(1, 10, 1)][(1, 10, 1)]: 0.12262648039048078
Pu[(1, 10, 1)][(1, 10, 0)]: 0.8451202946763867
Pu[(1, 10, 2)][(1, 10, 3)]: 0.41114870878417425
Pu[(1, 10, 2)][(1, 10, 2)]: 0.12262648039048074
Pu[(1, 10, 2)][(1, 10, 1)]: 0.4662248108253449
Pu[(1, 10, 3)][(1, 10, 2)]: 0.036573758768267274
Pu[(1, 10, 3)][(1, 10, 0)]: 0.9583297748284801
Pu[(1, 10, 3)][(1, 9, 3)]: 0.005096466403252536
Pu[(2, 1, 0)][(3, 1, 0)]: 0.8537377452245745
Pu[(2, 1, 0)][(2, 1, 3)]: 0.019694556559952975
Pu[(2, 1, 0)][(2, 1, 1)]: 0.12656769821547253
Pu[(2, 1, 1)][(2, 2, 1)]: 0.8634763636397763
Pu[(2, 1, 1)][(2, 1, 2)]: 0.01771564739476995
Pu[(2, 1, 1)][(2, 1, 0)]: 0.1188079889654537
Pu[(2, 1, 2)][(2, 1, 3)]: 0.1320793198418247
Pu[(2, 1, 2)][(2, 1, 1)]: 0.8488119772261001
Pu[(2, 1, 2)][(1, 1, 2)]: 0.019108702932075113
Pu[(2, 1, 3)][(2, 1, 3)]: 0.12262648039073301
Pu[(2, 1, 3)][(2, 1, 2)]: 0.11385017511469243
Pu[(2, 1, 3)][(2, 1, 0)]: 0.7635233444945746
Pu[(2, 2, 0)][(3, 2, 0)]: 0.8598558378373624
Pu[(2, 2, 0)][(2, 2, 3)]: 0.017517681772151145
Pu[(2, 2, 0)][(2, 2, 1)]: 0.12262648039048635
Pu[(2, 2, 1)][(2, 3, 1)]: 0.8598558378373625
Pu[(2, 2, 1)][(2, 2, 2)]: 0.017517681772151145
Pu[(2, 2, 1)][(2, 2, 0)]: 0.12262648039048635
Pu[(2, 2, 2)][(2, 2, 3)]: 0.12262648039051977
Pu[(2, 2, 2)][(2, 2, 1)]: 0.8584043190502528
Pu[(2, 2, 2)][(1, 2, 2)]: 0.018969200559227465
Pu[(2, 2, 3)][(2, 2, 2)]: 0.12262648039051974
Pu[(2, 2, 3)][(2, 2, 0)]: 0.8584043190502527
Pu[(2, 2, 3)][(2, 1, 3)]: 0.01896920055922746
Pu[(2, 3, 0)][(3, 3, 0)]: 0.8655517070835103
Pu[(2, 3, 0)][(2, 3, 3)]: 0.017390249094484788
Pu[(2, 3, 0)][(2, 3, 1)]: 0.11705804382200502
Pu[(2, 3, 1)][(2, 4, 1)]: 0.8539373398695086
Pu[(2, 3, 1)][(2, 3, 2)]: 0.01760285333735585
Pu[(2, 3, 1)][(2, 3, 0)]: 0.12845980679313554
Pu[(2, 3, 2)][(2, 3, 3)]: 0.12690829128373954
Pu[(2, 3, 2)][(2, 3, 1)]: 0.8542509219824305
Pu[(2, 3, 2)][(1, 3, 2)]: 0.018840786733829964
Pu[(2, 3, 3)][(2, 3, 2)]: 0.11848913527121915
Pu[(2, 3, 3)][(2, 3, 0)]: 0.8646945544745925
Pu[(2, 3, 3)][(2, 2, 3)]: 0.016816310254188255
Pu[(2, 4, 0)][(3, 4, 0)]: 0.8715177609038782
Pu[(2, 4, 0)][(2, 4, 3)]: 0.017296972087289406
Pu[(2, 4, 0)][(2, 4, 1)]: 0.11118526700883247
Pu[(2, 4, 1)][(2, 5, 1)]: 0.8470471345523859
Pu[(2, 4, 1)][(2, 4, 2)]: 0.017707845154031072
Pu[(2, 4, 1)][(2, 4, 0)]: 0.13524502029358298
Pu[(2, 4, 2)][(2, 4, 3)]: 0.13210694585447486
Pu[(2, 4, 2)][(2, 4, 1)]: 0.8491859716501952
Pu[(2, 4, 2)][(1, 4, 2)]: 0.018707082495330082
Pu[(2, 4, 3)][(2, 4, 2)]: 0.11382636693093909
Pu[(2, 4, 3)][(2, 4, 0)]: 0.8693575740928161
Pu[(2, 4, 3)][(2, 3, 3)]: 0.016816058976244854
Pu[(2, 5, 0)][(3, 5, 0)]: 0.8778029226561446
Pu[(2, 5, 0)][(2, 5, 3)]: 0.017199500485963602
Pu[(2, 5, 0)][(2, 5, 1)]: 0.10499757685789192
Pu[(2, 5, 1)][(2, 6, 1)]: 0.8389531995285153
Pu[(2, 5, 1)][(2, 5, 2)]: 0.01783155548245975
Pu[(2, 5, 1)][(2, 5, 0)]: 0.143215244989025
Pu[(2, 5, 2)][(2, 5, 3)]: 0.1381388560414218
Pu[(2, 5, 2)][(2, 5, 1)]: 0.8432945576592338
Pu[(2, 5, 2)][(1, 5, 2)]: 0.01856658629934443
Pu[(2, 5, 3)][(2, 5, 2)]: 0.1088560751396984
Pu[(2, 5, 3)][(2, 5, 0)]: 0.8742843261773088
Pu[(2, 5, 3)][(2, 4, 3)]: 0.01685959868299287
Pu[(2, 6, 0)][(3, 6, 0)]: 0.8844487571848818
Pu[(2, 6, 0)][(2, 6, 3)]: 0.017096500392606174
Pu[(2, 6, 0)][(2, 6, 1)]: 0.0984547424225121
Pu[(2, 6, 1)][(2, 7, 1)]: 0.829287758669535
Pu[(2, 6, 1)][(2, 6, 2)]: 0.017979591556972395
Pu[(2, 6, 1)][(2, 6, 0)]: 0.15273264977349255
Pu[(2, 6, 2)][(2, 6, 3)]: 0.145230985839814
Pu[(2, 6, 2)][(2, 6, 1)]: 0.8363512399771726
Pu[(2, 6, 2)][(1, 6, 2)]: 0.018417774183013404
Pu[(2, 6, 3)][(2, 6, 2)]: 0.1035402576523351
Pu[(2, 6, 3)][(2, 6, 0)]: 0.8795515659719588
Pu[(2, 6, 3)][(2, 5, 3)]: 0.01690817637570622
Pu[(2, 7, 0)][(3, 7, 0)]: 0.891504836383269
Pu[(2, 7, 0)][(2, 7, 3)]: 0.016987198065209763
Pu[(2, 7, 0)][(2, 7, 1)]: 0.09150796555152127
Pu[(2, 7, 1)][(2, 8, 1)]: 0.8175124413532683
Pu[(2, 7, 1)][(2, 7, 2)]: 0.01816029377610568
Pu[(2, 7, 1)][(2, 7, 0)]: 0.1643272648706261
Pu[(2, 7, 2)][(2, 7, 3)]: 0.1537122598503534
Pu[(2, 7, 2)][(2, 7, 1)]: 0.8280292091277818
Pu[(2, 7, 2)][(1, 7, 2)]: 0.01825853102186487
Pu[(2, 7, 3)][(2, 7, 2)]: 0.09782728916741246
Pu[(2, 7, 3)][(2, 7, 0)]: 0.8852109473988924
Pu[(2, 7, 3)][(2, 6, 3)]: 0.01696176343369506
Pu[(2, 8, 0)][(3, 8, 0)]: 0.8990312853824123
Pu[(2, 8, 0)][(2, 8, 3)]: 0.016870670474035256
Pu[(2, 8, 0)][(2, 8, 1)]: 0.08409804414355243
Pu[(2, 8, 1)][(2, 9, 1)]: 0.8028074097057546
Pu[(2, 8, 1)][(2, 8, 2)]: 0.01838636660503709
Pu[(2, 8, 1)][(2, 8, 0)]: 0.17880622368920845
Pu[(2, 8, 2)][(2, 8, 3)]: 0.1640661770412462
Pu[(2, 8, 2)][(2, 8, 1)]: 0.8178480292477899
Pu[(2, 8, 2)][(1, 8, 2)]: 0.018085793710963766
Pu[(2, 8, 3)][(2, 8, 2)]: 0.09165358737637067
Pu[(2, 8, 3)][(2, 8, 0)]: 0.8913251975432742
Pu[(2, 8, 3)][(2, 7, 3)]: 0.01702121508035504
Pu[(2, 9, 0)][(3, 9, 0)]: 0.9071018388554761
Pu[(2, 9, 0)][(2, 9, 3)]: 0.01674578600066676
Pu[(2, 9, 0)][(2, 9, 1)]: 0.076152375143857
Pu[(2, 9, 1)][(2, 10, 1)]: 0.7838591326789754
Pu[(2, 9, 1)][(2, 9, 2)]: 0.018678166196462512
Pu[(2, 9, 1)][(2, 9, 0)]: 0.1974627011245621
Pu[(2, 9, 2)][(2, 9, 3)]: 0.1770338748121746
Pu[(2, 9, 2)][(2, 9, 1)]: 0.8050712010371176
Pu[(2, 9, 2)][(1, 9, 2)]: 0.017894924150707692
Pu[(2, 9, 3)][(2, 9, 2)]: 0.08493997947517586
Pu[(2, 9, 3)][(2, 9, 0)]: 0.8979724028694881
Pu[(2, 9, 3)][(2, 8, 3)]: 0.01708761765533604
Pu[(2, 10, 0)][(3, 10, 0)]: 0.9666570983750775
Pu[(2, 10, 0)][(2, 10, 3)]: 0.01562232127688976
Pu[(2, 10, 0)][(2, 10, 1)]: 0.017720580348032696
Pu[(2, 10, 1)][(2, 10, 2)]: 0.02879782978306432
Pu[(2, 10, 1)][(2, 10, 1)]: 0.12262648039048074
Pu[(2, 10, 1)][(2, 10, 0)]: 0.8485756898264548
Pu[(2, 10, 2)][(2, 10, 3)]: 0.46033753772735186
Pu[(2, 10, 2)][(2, 10, 1)]: 0.5221662120456105
Pu[(2, 10, 2)][(1, 10, 2)]: 0.017496250227037522
Pu[(2, 10, 3)][(2, 10, 2)]: 0.03266571257081192
Pu[(2, 10, 3)][(2, 10, 0)]: 0.9625492541368812
Pu[(2, 10, 3)][(2, 9, 3)]: 0.004785033292306884
Pu[(3, 1, 0)][(4, 1, 0)]: 0.8475257728018072
Pu[(3, 1, 0)][(3, 1, 3)]: 0.01979720186318951
Pu[(3, 1, 0)][(3, 1, 1)]: 0.13267702533500325
Pu[(3, 1, 1)][(3, 2, 1)]: 0.8690840359642944
Pu[(3, 1, 1)][(3, 1, 2)]: 0.017578680093817394
Pu[(3, 1, 1)][(3, 1, 0)]: 0.11333728394188802
Pu[(3, 1, 2)][(3, 1, 3)]: 0.1276410445408195
Pu[(3, 1, 2)][(3, 1, 1)]: 0.8554256413284963
Pu[(3, 1, 2)][(2, 1, 2)]: 0.016933314130684093
Pu[(3, 1, 3)][(3, 1, 3)]: 0.12262648039051675
Pu[(3, 1, 3)][(3, 1, 2)]: 0.11780892068896436
Pu[(3, 1, 3)][(3, 1, 0)]: 0.7595645989205189
Pu[(3, 2, 0)][(4, 2, 0)]: 0.8539373398695086
Pu[(3, 2, 0)][(3, 2, 3)]: 0.01760285333735585
Pu[(3, 2, 0)][(3, 2, 1)]: 0.12845980679313548
Pu[(3, 2, 1)][(3, 3, 1)]: 0.8655517070835103
Pu[(3, 2, 1)][(3, 2, 2)]: 0.017390249094484788
Pu[(3, 2, 1)][(3, 2, 0)]: 0.11705804382200499
Pu[(3, 2, 2)][(3, 2, 3)]: 0.11848913527121918
Pu[(3, 2, 2)][(3, 2, 1)]: 0.8646945544745925
Pu[(3, 2, 2)][(2, 2, 2)]: 0.016816310254188258
Pu[(3, 2, 3)][(3, 2, 2)]: 0.12690829128373954
Pu[(3, 2, 3)][(3, 2, 0)]: 0.8542509219824304
Pu[(3, 2, 3)][(3, 1, 3)]: 0.018840786733829964
Pu[(3, 3, 0)][(4, 3, 0)]: 0.8599018484978804
Pu[(3, 3, 0)][(3, 3, 3)]: 0.017471671111638616
Pu[(3, 3, 0)][(3, 3, 1)]: 0.12262648039048087
Pu[(3, 3, 1)][(3, 4, 1)]: 0.8599018484978804
Pu[(3, 3, 1)][(3, 3, 2)]: 0.017471671111638616
Pu[(3, 3, 1)][(3, 3, 0)]: 0.12262648039048088
Pu[(3, 3, 2)][(3, 3, 3)]: 0.12262648039048152
Pu[(3, 3, 2)][(3, 3, 1)]: 0.8606648784122384
Pu[(3, 3, 2)][(2, 3, 2)]: 0.01670864119728001
Pu[(3, 3, 3)][(3, 3, 2)]: 0.12262648039048149
Pu[(3, 3, 3)][(3, 3, 0)]: 0.8606648784122384
Pu[(3, 3, 3)][(3, 2, 3)]: 0.01670864119728001
Pu[(3, 4, 0)][(4, 4, 0)]: 0.8661406994811275
Pu[(3, 4, 0)][(3, 4, 3)]: 0.017374328990196475
Pu[(3, 4, 0)][(3, 4, 1)]: 0.11648497152867603
Pu[(3, 4, 1)][(3, 5, 1)]: 0.8533364391277632
Pu[(3, 4, 1)][(3, 4, 2)]: 0.017571769067530718
Pu[(3, 4, 1)][(3, 4, 0)]: 0.12909179180470615
Pu[(3, 4, 2)][(3, 4, 3)]: 0.1276412893960311
Pu[(3, 4, 2)][(3, 4, 1)]: 0.8557620826432873
Pu[(3, 4, 2)][(2, 4, 2)]: 0.016596627960681523
Pu[(3, 4, 3)][(3, 4, 2)]: 0.11780869469518668
Pu[(3, 4, 3)][(3, 4, 0)]: 0.8654868744250096
Pu[(3, 4, 3)][(3, 3, 3)]: 0.01670443087980378
Pu[(3, 5, 0)][(4, 5, 0)]: 0.8727016374466569
Pu[(3, 5, 0)][(3, 5, 3)]: 0.017272732480151064
Pu[(3, 5, 0)][(3, 5, 1)]: 0.11002563007319217
Pu[(3, 5, 1)][(3, 6, 1)]: 0.8456401068959108
Pu[(3, 5, 1)][(3, 5, 2)]: 0.01768943111306245
Pu[(3, 5, 1)][(3, 5, 0)]: 0.1366704619910266
Pu[(3, 5, 2)][(3, 5, 3)]: 0.13345100319062606
Pu[(3, 5, 2)][(3, 5, 1)]: 0.8500699427158498
Pu[(3, 5, 2)][(2, 5, 2)]: 0.01647905409352429
Pu[(3, 5, 3)][(3, 5, 2)]: 0.1126799599361365
Pu[(3, 5, 3)][(3, 5, 0)]: 0.8705775829178739
Pu[(3, 5, 3)][(3, 4, 3)]: 0.016742457145989542
Pu[(3, 6, 0)][(4, 6, 0)]: 0.879624017384086
Pu[(3, 6, 0)][(3, 6, 3)]: 0.01716559422190874
Pu[(3, 6, 0)][(3, 6, 1)]: 0.10321038839400527
Pu[(3, 6, 1)][(3, 7, 1)]: 0.8364750449092639
Pu[(3, 6, 1)][(3, 6, 2)]: 0.017829798557148537
Pu[(3, 6, 1)][(3, 6, 0)]: 0.14569515653358753
Pu[(3, 6, 2)][(3, 6, 3)]: 0.14026764963927937
Pu[(3, 6, 2)][(3, 6, 1)]: 0.8433776548152895
Pu[(3, 6, 2)][(2, 6, 2)]: 0.01635469554543111
Pu[(3, 6, 3)][(3, 6, 2)]: 0.10720400414227844
Pu[(3, 6, 3)][(3, 6, 0)]: 0.8760112524251951
Pu[(3, 6, 3)][(3, 5, 3)]: 0.016784743432526644
Pu[(3, 7, 0)][(4, 7, 0)]: 0.8869541879405443
Pu[(3, 7, 0)][(3, 7, 3)]: 0.017052190039810403
Pu[(3, 7, 0)][(3, 7, 1)]: 0.09599362201964541
Pu[(3, 7, 1)][(3, 8, 1)]: 0.8253510793667378
Pu[(3, 7, 1)][(3, 7, 2)]: 0.01800045403118378
Pu[(3, 7, 1)][(3, 7, 0)]: 0.15664846660207846
Pu[(3, 7, 2)][(3, 7, 3)]: 0.14839622474610803
Pu[(3, 7, 2)][(3, 7, 1)]: 0.8353819113066037
Pu[(3, 7, 2)][(2, 7, 2)]: 0.016221863947288372
Pu[(3, 7, 3)][(3, 7, 2)]: 0.10133178063447565
Pu[(3, 7, 3)][(3, 7, 0)]: 0.8818370929394217
Pu[(3, 7, 3)][(3, 6, 3)]: 0.016831126426102665
Pu[(3, 8, 0)][(4, 8, 0)]: 0.8947476067595694
Pu[(3, 8, 0)][(3, 8, 3)]: 0.016931668177491293
Pu[(3, 8, 0)][(3, 8, 1)]: 0.08832072506293927
Pu[(3, 8, 1)][(3, 9, 1)]: 0.8115298145535101
Pu[(3, 8, 1)][(3, 8, 2)]: 0.018212823063639395
Pu[(3, 8, 1)][(3, 8, 0)]: 0.17025736238285058
Pu[(3, 8, 2)][(3, 8, 3)]: 0.15828085270297837
Pu[(3, 8, 2)][(3, 8, 1)]: 0.8256410134998661
Pu[(3, 8, 2)][(2, 8, 2)]: 0.016078133797155673
Pu[(3, 8, 3)][(3, 8, 2)]: 0.09500361816457416
Pu[(3, 8, 3)][(3, 8, 0)]: 0.8881141264596282
Pu[(3, 8, 3)][(3, 7, 3)]: 0.016882255375797718
Pu[(3, 9, 0)][(4, 9, 0)]: 0.9030712607785422
Pu[(3, 9, 0)][(3, 9, 3)]: 0.016803000109215007
Pu[(3, 9, 0)][(3, 9, 1)]: 0.08012573911224292
Pu[(3, 9, 1)][(3, 10, 1)]: 0.7938443354456444
Pu[(3, 9, 1)][(3, 9, 2)]: 0.018484962735402555
Pu[(3, 9, 1)][(3, 9, 0)]: 0.187670701818953
Pu[(3, 9, 2)][(3, 9, 3)]: 0.17059438356999485
Pu[(3, 9, 2)][(3, 9, 1)]: 0.8134857455870056
Pu[(3, 9, 2)][(2, 9, 2)]: 0.0159198708429995
Pu[(3, 9, 3)][(3, 9, 2)]: 0.0881462412670062
Pu[(3, 9, 3)][(3, 9, 0)]: 0.8949148125464998
Pu[(3, 9, 3)][(3, 8, 3)]: 0.016938946186493817
Pu[(3, 10, 0)][(4, 10, 0)]: 0.9666637985411651
Pu[(3, 10, 0)][(3, 10, 3)]: 0.015616864507462542
Pu[(3, 10, 0)][(3, 10, 1)]: 0.017719336951372223
Pu[(3, 10, 1)][(3, 10, 2)]: 0.028738283752544964
Pu[(3, 10, 1)][(3, 10, 1)]: 0.1226264803904808
Pu[(3, 10, 1)][(3, 10, 0)]: 0.8486352358569744
Pu[(3, 10, 2)][(3, 10, 3)]: 0.4611625944247016
Pu[(3, 10, 2)][(3, 10, 1)]: 0.5232481460075123
Pu[(3, 10, 2)][(2, 10, 2)]: 0.015589259567786012
Pu[(3, 10, 3)][(3, 10, 2)]: 0.03260727100322582
Pu[(3, 10, 3)][(3, 10, 0)]: 0.9628855834518759
Pu[(3, 10, 3)][(3, 9, 3)]: 0.004507145544898017
Pu[(4, 1, 0)][(5, 1, 0)]: 0.8402796909429339
Pu[(4, 1, 0)][(4, 1, 3)]: 0.019923543151729308
Pu[(4, 1, 0)][(4, 1, 1)]: 0.13979676590533693
Pu[(4, 1, 1)][(4, 2, 1)]: 0.8749585581260088
Pu[(4, 1, 1)][(4, 1, 2)]: 0.01747633766307117
Pu[(4, 1, 1)][(4, 1, 0)]: 0.10756510421092004
Pu[(4, 1, 2)][(4, 1, 3)]: 0.1226274083668621
Pu[(4, 1, 2)][(4, 1, 1)]: 0.8604350627038153
Pu[(4, 1, 2)][(3, 1, 2)]: 0.01693752892932262
Pu[(4, 1, 3)][(4, 1, 3)]: 0.12262648039048595
Pu[(4, 1, 3)][(4, 1, 2)]: 0.12262555242113217
Pu[(4, 1, 3)][(4, 1, 0)]: 0.7547479671883819
Pu[(4, 2, 0)][(5, 2, 0)]: 0.847047134552386
Pu[(4, 2, 0)][(4, 2, 3)]: 0.01770784515403107
Pu[(4, 2, 0)][(4, 2, 1)]: 0.13524502029358298
Pu[(4, 2, 1)][(4, 3, 1)]: 0.8715177609038781
Pu[(4, 2, 1)][(4, 2, 2)]: 0.017296972087289406
Pu[(4, 2, 1)][(4, 2, 0)]: 0.11118526700883247
Pu[(4, 2, 2)][(4, 2, 3)]: 0.11382636693093907
Pu[(4, 2, 2)][(4, 2, 1)]: 0.8693575740928161
Pu[(4, 2, 2)][(3, 2, 2)]: 0.016816058976244858
Pu[(4, 2, 3)][(4, 2, 2)]: 0.13210694585447483
Pu[(4, 2, 3)][(4, 2, 0)]: 0.8491859716501952
Pu[(4, 2, 3)][(4, 1, 3)]: 0.01870708249533008
Pu[(4, 3, 0)][(5, 3, 0)]: 0.853336439127763
Pu[(4, 3, 0)][(4, 3, 3)]: 0.017571769067530715
Pu[(4, 3, 0)][(4, 3, 1)]: 0.1290917918047061
Pu[(4, 3, 1)][(4, 4, 1)]: 0.8661406994811274
Pu[(4, 3, 1)][(4, 3, 2)]: 0.017374328990196475
Pu[(4, 3, 1)][(4, 3, 0)]: 0.11648497152867605
Pu[(4, 3, 2)][(4, 3, 3)]: 0.1178086946951867
Pu[(4, 3, 2)][(4, 3, 1)]: 0.8654868744250096
Pu[(4, 3, 2)][(3, 3, 2)]: 0.01670443087980378
Pu[(4, 3, 3)][(4, 3, 2)]: 0.12764128939603103
Pu[(4, 3, 3)][(4, 3, 0)]: 0.8557620826432873
Pu[(4, 3, 3)][(4, 2, 3)]: 0.016596627960681513
Pu[(4, 4, 0)][(5, 4, 0)]: 0.8599042868516089
Pu[(4, 4, 0)][(4, 4, 3)]: 0.017469232757910434
Pu[(4, 4, 0)][(4, 4, 1)]: 0.12262648039048075
Pu[(4, 4, 1)][(4, 5, 1)]: 0.8599042868516087
Pu[(4, 4, 1)][(4, 4, 2)]: 0.017469232757910427
Pu[(4, 4, 1)][(4, 4, 0)]: 0.12262648039048078
Pu[(4, 4, 2)][(4, 4, 3)]: 0.12262648039048082
Pu[(4, 4, 2)][(4, 4, 1)]: 0.8607850099282573
Pu[(4, 4, 2)][(3, 4, 2)]: 0.016588509681262006
Pu[(4, 4, 3)][(4, 4, 2)]: 0.12262648039048075
Pu[(4, 4, 3)][(4, 4, 0)]: 0.8607850099282572
Pu[(4, 4, 3)][(4, 3, 3)]: 0.016588509681262006
Pu[(4, 5, 0)][(5, 5, 0)]: 0.866797046191572
Pu[(4, 5, 0)][(4, 5, 3)]: 0.017362377875105518
Pu[(4, 5, 0)][(4, 5, 1)]: 0.11584057593332238
Pu[(4, 5, 1)][(4, 6, 1)]: 0.8526095359668407
Pu[(4, 5, 1)][(4, 5, 2)]: 0.017580563039466177
Pu[(4, 5, 1)][(4, 5, 0)]: 0.1298099009936931
Pu[(4, 5, 2)][(4, 5, 3)]: 0.12819888350122888
Pu[(4, 5, 2)][(4, 5, 1)]: 0.8553340219650645
Pu[(4, 5, 2)][(3, 5, 2)]: 0.016467094533706518
Pu[(4, 5, 3)][(4, 5, 2)]: 0.11729629215384563
Pu[(4, 5, 3)][(4, 5, 0)]: 0.8660826184711509
Pu[(4, 5, 3)][(4, 4, 3)]: 0.016621089375003336
Pu[(4, 6, 0)][(5, 6, 0)]: 0.8740515245540541
Pu[(4, 6, 0)][(4, 6, 3)]: 0.017249967857700076
Pu[(4, 6, 0)][(4, 6, 1)]: 0.10869850758824576
Pu[(4, 6, 1)][(4, 7, 1)]: 0.8439478886614258
Pu[(4, 6, 1)][(4, 6, 2)]: 0.017713011505495754
Pu[(4, 6, 1)][(4, 6, 0)]: 0.1383390998330784
Pu[(4, 6, 2)][(4, 6, 3)]: 0.1347227163965519
Pu[(4, 6, 2)][(4, 6, 1)]: 0.8489382897025392
Pu[(4, 6, 2)][(3, 6, 2)]: 0.016338993900909017
Pu[(4, 6, 3)][(4, 6, 2)]: 0.11161631902295752
Pu[(4, 6, 3)][(4, 6, 0)]: 0.8717264760725105
Pu[(4, 6, 3)][(4, 5, 3)]: 0.01665720490453192
Pu[(4, 7, 0)][(5, 7, 0)]: 0.8817104699860736
Pu[(4, 7, 0)][(4, 7, 3)]: 0.017131333018185767
Pu[(4, 7, 0)][(4, 7, 1)]: 0.1011581969957407
Pu[(4, 7, 1)][(4, 8, 1)]: 0.8334756960553563
Pu[(4, 7, 1)][(4, 7, 2)]: 0.017873436891426973
Pu[(4, 7, 1)][(4, 7, 0)]: 0.14865086705321678
Pu[(4, 7, 2)][(4, 7, 3)]: 0.14247889325371946
Pu[(4, 7, 2)][(4, 7, 1)]: 0.8413185323170613
Pu[(4, 7, 2)][(3, 7, 2)]: 0.016202574429219102
Pu[(4, 7, 3)][(4, 7, 2)]: 0.10554021967435805
Pu[(4, 7, 3)][(4, 7, 0)]: 0.8777632001546036
Pu[(4, 7, 3)][(4, 6, 3)]: 0.016696580171038276
Pu[(4, 8, 0)][(5, 8, 0)]: 0.8898242824873897
Pu[(4, 8, 0)][(4, 8, 3)]: 0.017005697854495568
Pu[(4, 8, 0)][(4, 8, 1)]: 0.09317001965811475
Pu[(4, 8, 1)][(4, 9, 1)]: 0.8205321001557495
Pu[(4, 8, 1)][(4, 8, 2)]: 0.01807205869131507
Pu[(4, 8, 1)][(4, 8, 0)]: 0.16139584115293548
Pu[(4, 8, 2)][(4, 8, 3)]: 0.15187250974002123
Pu[(4, 8, 2)][(4, 8, 1)]: 0.8320719819365934
Pu[(4, 8, 2)][(3, 8, 2)]: 0.01605550832338537
Pu[(4, 8, 3)][(4, 8, 2)]: 0.09901234738727946
Pu[(4, 8, 3)][(4, 8, 0)]: 0.8842479633366981
Pu[(4, 8, 3)][(4, 7, 3)]: 0.016739689276022377
Pu[(4, 9, 0)][(5, 9, 0)]: 0.898452854127576
Pu[(4, 9, 0)][(4, 9, 3)]: 0.016872141084755387
Pu[(4, 9, 0)][(4, 9, 1)]: 0.08467500478766858
Pu[(4, 9, 1)][(4, 10, 1)]: 0.8040873285945356
Pu[(4, 9, 1)][(4, 9, 2)]: 0.01832480199034661
Pu[(4, 9, 1)][(4, 9, 0)]: 0.1775878694151178
Pu[(4, 9, 2)][(4, 9, 3)]: 0.16350995712212385
Pu[(4, 9, 2)][(4, 9, 1)]: 0.8205956987081495
Pu[(4, 9, 2)][(3, 9, 2)]: 0.015894344169726578
Pu[(4, 9, 3)][(4, 9, 2)]: 0.09196536992377656
Pu[(4, 9, 3)][(4, 9, 0)]: 0.8912475077951836
Pu[(4, 9, 3)][(4, 8, 3)]: 0.01678712228103979
Pu[(4, 10, 0)][(5, 10, 0)]: 0.9666683410357183
Pu[(4, 10, 0)][(4, 10, 3)]: 0.015612419271234499
Pu[(4, 10, 0)][(4, 10, 1)]: 0.017719239693047274
Pu[(4, 10, 1)][(4, 10, 2)]: 0.028733625717383273
Pu[(4, 10, 1)][(4, 10, 1)]: 0.12262648039048077
Pu[(4, 10, 1)][(4, 10, 0)]: 0.8486398938921361
Pu[(4, 10, 2)][(4, 10, 3)]: 0.46110859673808624
Pu[(4, 10, 2)][(4, 10, 1)]: 0.5233329702578998
Pu[(4, 10, 2)][(3, 10, 2)]: 0.015558433004014058
Pu[(4, 10, 3)][(4, 10, 2)]: 0.03261108944689284
Pu[(4, 10, 3)][(4, 10, 0)]: 0.9631597404421965
Pu[(4, 10, 3)][(4, 9, 3)]: 0.004229170110910808
Pu[(5, 1, 0)][(6, 1, 0)]: 0.8317487050403977
Pu[(5, 1, 0)][(5, 1, 3)]: 0.020072422884569126
Pu[(5, 1, 0)][(5, 1, 1)]: 0.1481788720750332
Pu[(5, 1, 1)][(5, 2, 1)]: 0.8811503147060852
Pu[(5, 1, 1)][(5, 1, 2)]: 0.01736926853556221
Pu[(5, 1, 1)][(5, 1, 0)]: 0.10148041675835266
Pu[(5, 1, 2)][(5, 1, 3)]: 0.11727366846251867
Pu[(5, 1, 2)][(5, 1, 1)]: 0.8657390299522097
Pu[(5, 1, 2)][(4, 1, 2)]: 0.016987301585271546
Pu[(5, 1, 3)][(5, 1, 3)]: 0.12262648039048152
Pu[(5, 1, 3)][(5, 1, 2)]: 0.12822361481565775
Pu[(5, 1, 3)][(5, 1, 0)]: 0.7491499047938608
Pu[(5, 2, 0)][(6, 2, 0)]: 0.8389531995285153
Pu[(5, 2, 0)][(5, 2, 3)]: 0.01783155548245975
Pu[(5, 2, 0)][(5, 2, 1)]: 0.14321524498902496
Pu[(5, 2, 1)][(5, 3, 1)]: 0.8778029226561443
Pu[(5, 2, 1)][(5, 2, 2)]: 0.0171995004859636
Pu[(5, 2, 1)][(5, 2, 0)]: 0.10499757685789192
Pu[(5, 2, 2)][(5, 2, 3)]: 0.10885607513969842
Pu[(5, 2, 2)][(5, 2, 1)]: 0.8742843261773088
Pu[(5, 2, 2)][(4, 2, 2)]: 0.016859598682992874
Pu[(5, 2, 3)][(5, 2, 2)]: 0.13813885604142176
Pu[(5, 2, 3)][(5, 2, 0)]: 0.8432945576592338
Pu[(5, 2, 3)][(5, 1, 3)]: 0.01856658629934443
Pu[(5, 3, 0)][(6, 3, 0)]: 0.845640106895911
Pu[(5, 3, 0)][(5, 3, 3)]: 0.017689431113062454
Pu[(5, 3, 0)][(5, 3, 1)]: 0.13667046199102653
Pu[(5, 3, 1)][(5, 4, 1)]: 0.8727016374466567
Pu[(5, 3, 1)][(5, 3, 2)]: 0.017272732480151067
Pu[(5, 3, 1)][(5, 3, 0)]: 0.11002563007319222
Pu[(5, 3, 2)][(5, 3, 3)]: 0.11267995993613658
Pu[(5, 3, 2)][(5, 3, 1)]: 0.870577582917874
Pu[(5, 3, 2)][(4, 3, 2)]: 0.016742457145989546
Pu[(5, 3, 3)][(5, 3, 2)]: 0.13345100319062603
Pu[(5, 3, 3)][(5, 3, 0)]: 0.8500699427158497
Pu[(5, 3, 3)][(5, 2, 3)]: 0.016479054093524285
Pu[(5, 4, 0)][(6, 4, 0)]: 0.8526095359668409
Pu[(5, 4, 0)][(5, 4, 3)]: 0.017580563039466174
Pu[(5, 4, 0)][(5, 4, 1)]: 0.12980990099369302
Pu[(5, 4, 1)][(5, 5, 1)]: 0.8667970461915722
Pu[(5, 4, 1)][(5, 4, 2)]: 0.017362377875105518
Pu[(5, 4, 1)][(5, 4, 0)]: 0.11584057593332243
Pu[(5, 4, 2)][(5, 4, 3)]: 0.11729629215384568
Pu[(5, 4, 2)][(5, 4, 1)]: 0.8660826184711509
Pu[(5, 4, 2)][(4, 4, 2)]: 0.016621089375003333
Pu[(5, 4, 3)][(5, 4, 2)]: 0.12819888350122885
Pu[(5, 4, 3)][(5, 4, 0)]: 0.8553340219650647
Pu[(5, 4, 3)][(5, 3, 3)]: 0.016467094533706525
Pu[(5, 5, 0)][(6, 5, 0)]: 0.8599061984804522
Pu[(5, 5, 0)][(5, 5, 3)]: 0.017467321129066956
Pu[(5, 5, 0)][(5, 5, 1)]: 0.12262648039048075
Pu[(5, 5, 1)][(5, 6, 1)]: 0.8599061984804524
Pu[(5, 5, 1)][(5, 5, 2)]: 0.017467321129066956
Pu[(5, 5, 1)][(5, 5, 0)]: 0.12262648039048078
Pu[(5, 5, 2)][(5, 5, 3)]: 0.12262648039048078
Pu[(5, 5, 2)][(5, 5, 1)]: 0.8608792144969399
Pu[(5, 5, 2)][(4, 5, 2)]: 0.016494305112579242
Pu[(5, 5, 3)][(5, 5, 2)]: 0.12262648039048075
Pu[(5, 5, 3)][(5, 5, 0)]: 0.86087921449694
Pu[(5, 5, 3)][(5, 4, 3)]: 0.016494305112579245
Pu[(5, 6, 0)][(6, 6, 0)]: 0.8675639035140504
Pu[(5, 6, 0)][(5, 6, 3)]: 0.01734852696903213
Pu[(5, 6, 0)][(5, 6, 1)]: 0.11508756951691737
Pu[(5, 6, 1)][(5, 7, 1)]: 0.8517489481776312
Pu[(5, 6, 1)][(5, 6, 2)]: 0.017591817675047992
Pu[(5, 6, 1)][(5, 6, 0)]: 0.13065923414732078
Pu[(5, 6, 2)][(5, 6, 3)]: 0.12885224763174988
Pu[(5, 6, 2)][(5, 6, 1)]: 0.8547868088859067
Pu[(5, 6, 2)][(4, 6, 2)]: 0.01636094348234335
Pu[(5, 6, 3)][(5, 6, 2)]: 0.1167015241824288
Pu[(5, 6, 3)][(5, 6, 0)]: 0.8667740909530308
Pu[(5, 6, 3)][(5, 5, 3)]: 0.016524384864540432
Pu[(5, 7, 0)][(6, 7, 0)]: 0.8756213061931668
Pu[(5, 7, 0)][(5, 7, 3)]: 0.017223573346437183
Pu[(5, 7, 0)][(5, 7, 1)]: 0.10715512046039591
Pu[(5, 7, 1)][(5, 8, 1)]: 0.8419263294035707
Pu[(5, 7, 1)][(5, 7, 2)]: 0.01774203148904131
Pu[(5, 7, 1)][(5, 7, 0)]: 0.14033163910738797
Pu[(5, 7, 2)][(5, 7, 3)]: 0.1362308640070198
Pu[(5, 7, 2)][(5, 7, 1)]: 0.847549712796136
Pu[(5, 7, 2)][(4, 7, 2)]: 0.016219423196844066
Pu[(5, 7, 3)][(5, 7, 2)]: 0.11038066742483636
Pu[(5, 7, 3)][(5, 7, 0)]: 0.8730623657760034
Pu[(5, 7, 3)][(5, 6, 3)]: 0.016556966799160237
Pu[(5, 8, 0)][(6, 8, 0)]: 0.8841232472352818
Pu[(5, 8, 0)][(5, 8, 3)]: 0.017091769257609152
Pu[(5, 8, 0)][(5, 8, 1)]: 0.09878498350710917
Pu[(5, 8, 1)][(5, 9, 1)]: 0.829850899026755
Pu[(5, 8, 1)][(5, 8, 2)]: 0.01792704090806526
Pu[(5, 8, 1)][(5, 8, 0)]: 0.1522220600651798
Pu[(5, 8, 2)][(5, 8, 3)]: 0.1451296028103258
Pu[(5, 8, 2)][(5, 8, 1)]: 0.838802888333445
Pu[(5, 8, 2)][(4, 8, 2)]: 0.016067508856229266
Pu[(5, 8, 3)][(5, 8, 2)]: 0.10361258765800936
Pu[(5, 8, 3)][(5, 8, 0)]: 0.8797950327033857
Pu[(5, 8, 3)][(5, 7, 3)]: 0.01659237963860503
Pu[(5, 9, 0)][(6, 9, 0)]: 0.8931220744150529
Pu[(5, 9, 0)][(5, 9, 3)]: 0.016952308262290498
Pu[(5, 9, 0)][(5, 9, 1)]: 0.08992561732265654
Pu[(5, 9, 1)][(5, 10, 1)]: 0.8146204116288434
Pu[(5, 9, 1)][(5, 9, 2)]: 0.01816078976115973
Pu[(5, 9, 1)][(5, 9, 0)]: 0.16721879860999703
Pu[(5, 9, 2)][(5, 9, 3)]: 0.1560914838268311
Pu[(5, 9, 2)][(5, 9, 1)]: 0.8280065950169726
Pu[(5, 9, 2)][(4, 9, 2)]: 0.015901921156196295
Pu[(5, 9, 3)][(5, 9, 2)]: 0.09633615700417962
Pu[(5, 9, 3)][(5, 9, 0)]: 0.8870328134845523
Pu[(5, 9, 3)][(5, 8, 3)]: 0.016631029511268026
Pu[(5, 10, 0)][(6, 10, 0)]: 0.9666728570862307
Pu[(5, 10, 0)][(5, 10, 3)]: 0.015607982176401457
Pu[(5, 10, 0)][(5, 10, 1)]: 0.017719160737367737
Pu[(5, 10, 1)][(5, 10, 2)]: 0.028729844221154526
Pu[(5, 10, 1)][(5, 10, 1)]: 0.12262648039048075
Pu[(5, 10, 1)][(5, 10, 0)]: 0.8486436753883647
Pu[(5, 10, 2)][(5, 10, 3)]: 0.46104027775494616
Pu[(5, 10, 2)][(5, 10, 1)]: 0.5234018526938146
Pu[(5, 10, 2)][(4, 10, 2)]: 0.015557869551239207
Pu[(5, 10, 3)][(5, 10, 2)]: 0.03261592190205476
Pu[(5, 10, 3)][(5, 10, 0)]: 0.9634335510513712
Pu[(5, 10, 3)][(5, 9, 3)]: 0.00395052704657389
Pu[(6, 1, 0)][(7, 1, 0)]: 0.8215308826442697
Pu[(6, 1, 0)][(6, 1, 3)]: 0.02025074826746704
Pu[(6, 1, 0)][(6, 1, 1)]: 0.15821836908826328
Pu[(6, 1, 1)][(6, 2, 1)]: 0.8877028603913735
Pu[(6, 1, 1)][(6, 1, 2)]: 0.017256002605322483
Pu[(6, 1, 1)][(6, 1, 0)]: 0.09504113700330413
Pu[(6, 1, 2)][(6, 1, 3)]: 0.11153534132604472
Pu[(6, 1, 2)][(6, 1, 1)]: 0.8714216169809139
Pu[(6, 1, 2)][(5, 1, 2)]: 0.01704304169304135
Pu[(6, 1, 3)][(6, 1, 3)]: 0.12262648039048088
Pu[(6, 1, 3)][(6, 1, 2)]: 0.13482052875957468
Pu[(6, 1, 3)][(6, 1, 0)]: 0.7425529908499444
Pu[(6, 2, 0)][(7, 2, 0)]: 0.829287758669535
Pu[(6, 2, 0)][(6, 2, 3)]: 0.017979591556972395
Pu[(6, 2, 0)][(6, 2, 1)]: 0.1527326497734926
Pu[(6, 2, 1)][(6, 3, 1)]: 0.8844487571848817
Pu[(6, 2, 1)][(6, 2, 2)]: 0.01709650039260617
Pu[(6, 2, 1)][(6, 2, 0)]: 0.09845474242251208
Pu[(6, 2, 2)][(6, 2, 3)]: 0.10354025765233504
Pu[(6, 2, 2)][(6, 2, 1)]: 0.8795515659719587
Pu[(6, 2, 2)][(5, 2, 2)]: 0.01690817637570621
Pu[(6, 2, 3)][(6, 2, 2)]: 0.14523098583981403
Pu[(6, 2, 3)][(6, 2, 0)]: 0.8363512399771726
Pu[(6, 2, 3)][(6, 1, 3)]: 0.0184177741830134
Pu[(6, 3, 0)][(7, 3, 0)]: 0.836475044909264
Pu[(6, 3, 0)][(6, 3, 3)]: 0.017829798557148537
Pu[(6, 3, 0)][(6, 3, 1)]: 0.14569515653358756
Pu[(6, 3, 1)][(6, 4, 1)]: 0.879624017384086
Pu[(6, 3, 1)][(6, 3, 2)]: 0.01716559422190874
Pu[(6, 3, 1)][(6, 3, 0)]: 0.10321038839400526
Pu[(6, 3, 2)][(6, 3, 3)]: 0.1072040041422784
Pu[(6, 3, 2)][(6, 3, 1)]: 0.8760112524251948
Pu[(6, 3, 2)][(5, 3, 2)]: 0.016784743432526637
Pu[(6, 3, 3)][(6, 3, 2)]: 0.14026764963927937
Pu[(6, 3, 3)][(6, 3, 0)]: 0.8433776548152894
Pu[(6, 3, 3)][(6, 2, 3)]: 0.016354695545431105
Pu[(6, 4, 0)][(7, 4, 0)]: 0.8439478886614259
Pu[(6, 4, 0)][(6, 4, 3)]: 0.017713011505495757
Pu[(6, 4, 0)][(6, 4, 1)]: 0.1383390998330784
Pu[(6, 4, 1)][(6, 5, 1)]: 0.8740515245540542
Pu[(6, 4, 1)][(6, 4, 2)]: 0.017249967857700083
Pu[(6, 4, 1)][(6, 4, 0)]: 0.10869850758824581
Pu[(6, 4, 2)][(6, 4, 3)]: 0.11161631902295757
Pu[(6, 4, 2)][(6, 4, 1)]: 0.8717264760725106
Pu[(6, 4, 2)][(5, 4, 2)]: 0.016657204904531913
Pu[(6, 4, 3)][(6, 4, 2)]: 0.13472271639655187
Pu[(6, 4, 3)][(6, 4, 0)]: 0.848938289702539
Pu[(6, 4, 3)][(6, 3, 3)]: 0.016338993900909007
Pu[(6, 5, 0)][(7, 5, 0)]: 0.8517489481776312
Pu[(6, 5, 0)][(6, 5, 3)]: 0.017591817675047992
Pu[(6, 5, 0)][(6, 5, 1)]: 0.13065923414732078
Pu[(6, 5, 1)][(6, 6, 1)]: 0.8675639035140504
Pu[(6, 5, 1)][(6, 5, 2)]: 0.017348526969032135
Pu[(6, 5, 1)][(6, 5, 0)]: 0.11508756951691738
Pu[(6, 5, 2)][(6, 5, 3)]: 0.1167015241824288
Pu[(6, 5, 2)][(6, 5, 1)]: 0.8667740909530307
Pu[(6, 5, 2)][(5, 5, 2)]: 0.01652438486454042
Pu[(6, 5, 3)][(6, 5, 2)]: 0.1288522476317499
Pu[(6, 5, 3)][(6, 5, 0)]: 0.8547868088859067
Pu[(6, 5, 3)][(6, 4, 3)]: 0.016360943482343356
Pu[(6, 6, 0)][(7, 6, 0)]: 0.8599084127722803
Pu[(6, 6, 0)][(6, 6, 3)]: 0.017465106837238932
Pu[(6, 6, 0)][(6, 6, 1)]: 0.12262648039048075
Pu[(6, 6, 1)][(6, 7, 1)]: 0.8599084127722803
Pu[(6, 6, 1)][(6, 6, 2)]: 0.017465106837238932
Pu[(6, 6, 1)][(6, 6, 0)]: 0.12262648039048075
Pu[(6, 6, 2)][(6, 6, 3)]: 0.12262648039048077
Pu[(6, 6, 2)][(6, 6, 1)]: 0.8609883599964401
Pu[(6, 6, 2)][(5, 6, 2)]: 0.01638515961307902
Pu[(6, 6, 3)][(6, 6, 2)]: 0.12262648039048077
Pu[(6, 6, 3)][(6, 6, 0)]: 0.8609883599964401
Pu[(6, 6, 3)][(6, 5, 3)]: 0.016385159613079025
Pu[(6, 7, 0)][(7, 7, 0)]: 0.8684601829254318
Pu[(6, 7, 0)][(6, 7, 3)]: 0.017332344877955208
Pu[(6, 7, 0)][(6, 7, 1)]: 0.1142074721966129
Pu[(6, 7, 1)][(6, 8, 1)]: 0.8507286794843011
Pu[(6, 7, 1)][(6, 7, 2)]: 0.017605209676035884
Pu[(6, 7, 1)][(6, 7, 0)]: 0.13166611083966298
Pu[(6, 7, 2)][(6, 7, 3)]: 0.12962540542294557
Pu[(6, 7, 2)][(6, 7, 1)]: 0.8541365862529654
Pu[(6, 7, 2)][(5, 7, 2)]: 0.01623800832408907
Pu[(6, 7, 3)][(6, 7, 2)]: 0.1160054515848415
Pu[(6, 7, 3)][(6, 7, 0)]: 0.8675833419448431
Pu[(6, 7, 3)][(6, 6, 3)]: 0.0164112064703154
Pu[(6, 8, 0)][(7, 8, 0)]: 0.8774428783085669
Pu[(6, 8, 0)][(6, 8, 3)]: 0.017192936013642614
Pu[(6, 8, 0)][(6, 8, 1)]: 0.10536418567779046
Pu[(6, 8, 1)][(6, 9, 1)]: 0.8395062218242172
Pu[(6, 8, 1)][(6, 8, 2)]: 0.017776842660884855
Pu[(6, 8, 1)][(6, 8, 0)]: 0.14271693551489806
Pu[(6, 8, 2)][(6, 8, 3)]: 0.1380291870259859
Pu[(6, 8, 2)][(6, 8, 1)]: 0.8458900143186885
Pu[(6, 8, 2)][(5, 8, 2)]: 0.016080798655325527
Pu[(6, 8, 3)][(6, 8, 2)]: 0.10894256509767014
Pu[(6, 8, 3)][(6, 8, 0)]: 0.8746181385788258
Pu[(6, 8, 3)][(6, 7, 3)]: 0.01643929632350396
Pu[(6, 9, 0)][(7, 9, 0)]: 0.8869007098998227
Pu[(6, 9, 0)][(6, 9, 3)]: 0.017046198431063104
Pu[(6, 9, 0)][(6, 9, 1)]: 0.09605309166911413
Pu[(6, 9, 1)][(6, 10, 1)]: 0.8254563958230839
Pu[(6, 9, 1)][(6, 9, 2)]: 0.01799212382730241
Pu[(6, 9, 1)][(6, 9, 0)]: 0.15655148034961372
Pu[(6, 9, 2)][(6, 9, 3)]: 0.14832087775355754
Pu[(6, 9, 2)][(6, 9, 1)]: 0.8357686861924806
Pu[(6, 9, 2)][(5, 9, 2)]: 0.01591043605396175
Pu[(6, 9, 3)][(6, 9, 2)]: 0.10138325716991846
Pu[(6, 9, 3)][(6, 9, 0)]: 0.8821470519523427
Pu[(6, 9, 3)][(6, 8, 3)]: 0.016469690877738856
Pu[(6, 10, 0)][(7, 10, 0)]: 0.9666773809919234
Pu[(6, 10, 0)][(6, 10, 3)]: 0.015603537076046252
Pu[(6, 10, 0)][(6, 10, 1)]: 0.01771908193203034
Pu[(6, 10, 1)][(6, 10, 2)]: 0.028726069891794357
Pu[(6, 10, 1)][(6, 10, 1)]: 0.12262648039048077
Pu[(6, 10, 1)][(6, 10, 0)]: 0.8486474497177249
Pu[(6, 10, 2)][(6, 10, 3)]: 0.4609715842105219
Pu[(6, 10, 2)][(6, 10, 1)]: 0.5234706226643409
Pu[(6, 10, 2)][(5, 10, 2)]: 0.01555779312513731
Pu[(6, 10, 3)][(6, 10, 2)]: 0.0326207822955299
Pu[(6, 10, 3)][(6, 10, 0)]: 0.963708011822613
Pu[(6, 10, 3)][(6, 9, 3)]: 0.003671205881857028
Pu[(7, 1, 0)][(8, 1, 0)]: 0.8090322999042059
Pu[(7, 1, 0)][(7, 1, 3)]: 0.02046888442765575
Pu[(7, 1, 0)][(7, 1, 1)]: 0.1704988156681382
Pu[(7, 1, 1)][(7, 2, 1)]: 0.8946687277422019
Pu[(7, 1, 1)][(7, 1, 2)]: 0.01713562330839001
Pu[(7, 1, 1)][(7, 1, 0)]: 0.08819564894940812
Pu[(7, 1, 2)][(7, 1, 3)]: 0.10535167077836217
Pu[(7, 1, 2)][(7, 1, 1)]: 0.8775434323182377
Pu[(7, 1, 2)][(6, 1, 2)]: 0.017104896903400085
Pu[(7, 1, 3)][(7, 1, 3)]: 0.12262648039048077
Pu[(7, 1, 3)][(7, 1, 2)]: 0.1427338890959992
Pu[(7, 1, 3)][(7, 1, 0)]: 0.7346396305135199
Pu[(7, 2, 0)][(8, 2, 0)]: 0.8175124413532683
Pu[(7, 2, 0)][(7, 2, 3)]: 0.018160293776105677
Pu[(7, 2, 0)][(7, 2, 1)]: 0.16432726487062613
Pu[(7, 2, 1)][(7, 3, 1)]: 0.891504836383269
Pu[(7, 2, 1)][(7, 2, 2)]: 0.016987198065209763
Pu[(7, 2, 1)][(7, 2, 0)]: 0.09150796555152127
Pu[(7, 2, 2)][(7, 2, 3)]: 0.09782728916741243
Pu[(7, 2, 2)][(7, 2, 1)]: 0.8852109473988924
Pu[(7, 2, 2)][(6, 2, 2)]: 0.016961763433695064
Pu[(7, 2, 3)][(7, 2, 2)]: 0.1537122598503534
Pu[(7, 2, 3)][(7, 2, 0)]: 0.8280292091277818
Pu[(7, 2, 3)][(7, 1, 3)]: 0.01825853102186487
Pu[(7, 3, 0)][(8, 3, 0)]: 0.8253510793667378
Pu[(7, 3, 0)][(7, 3, 3)]: 0.01800045403118378
Pu[(7, 3, 0)][(7, 3, 1)]: 0.1566484666020784
Pu[(7, 3, 1)][(7, 4, 1)]: 0.886954187940544
Pu[(7, 3, 1)][(7, 3, 2)]: 0.0170521900398104
Pu[(7, 3, 1)][(7, 3, 0)]: 0.09599362201964541
Pu[(7, 3, 2)][(7, 3, 3)]: 0.10133178063447569
Pu[(7, 3, 2)][(7, 3, 1)]: 0.8818370929394217
Pu[(7, 3, 2)][(6, 3, 2)]: 0.016831126426102672
Pu[(7, 3, 3)][(7, 3, 2)]: 0.14839622474610797
Pu[(7, 3, 3)][(7, 3, 0)]: 0.8353819113066037
Pu[(7, 3, 3)][(7, 2, 3)]: 0.016221863947288372
Pu[(7, 4, 0)][(8, 4, 0)]: 0.8334756960553563
Pu[(7, 4, 0)][(7, 4, 3)]: 0.017873436891426973
Pu[(7, 4, 0)][(7, 4, 1)]: 0.14865086705321673
Pu[(7, 4, 1)][(7, 5, 1)]: 0.8817104699860734
Pu[(7, 4, 1)][(7, 4, 2)]: 0.017131333018185767
Pu[(7, 4, 1)][(7, 4, 0)]: 0.10115819699574073
Pu[(7, 4, 2)][(7, 4, 3)]: 0.10554021967435807
Pu[(7, 4, 2)][(7, 4, 1)]: 0.8777632001546036
Pu[(7, 4, 2)][(6, 4, 2)]: 0.016696580171038283
Pu[(7, 4, 3)][(7, 4, 2)]: 0.1424788932537194
Pu[(7, 4, 3)][(7, 4, 0)]: 0.8413185323170614
Pu[(7, 4, 3)][(7, 3, 3)]: 0.016202574429219102
Pu[(7, 5, 0)][(8, 5, 0)]: 0.8419263294035707
Pu[(7, 5, 0)][(7, 5, 3)]: 0.01774203148904131
Pu[(7, 5, 0)][(7, 5, 1)]: 0.14033163910738794
Pu[(7, 5, 1)][(7, 6, 1)]: 0.8756213061931668
Pu[(7, 5, 1)][(7, 5, 2)]: 0.017223573346437183
Pu[(7, 5, 1)][(7, 5, 0)]: 0.10715512046039592
Pu[(7, 5, 2)][(7, 5, 3)]: 0.11038066742483639
Pu[(7, 5, 2)][(7, 5, 1)]: 0.8730623657760034
Pu[(7, 5, 2)][(6, 5, 2)]: 0.016556966799160244
Pu[(7, 5, 3)][(7, 5, 2)]: 0.1362308640070198
Pu[(7, 5, 3)][(7, 5, 0)]: 0.8475497127961361
Pu[(7, 5, 3)][(7, 4, 3)]: 0.01621942319684407
Pu[(7, 6, 0)][(8, 6, 0)]: 0.8507286794843011
Pu[(7, 6, 0)][(7, 6, 3)]: 0.017605209676035884
Pu[(7, 6, 0)][(7, 6, 1)]: 0.13166611083966298
Pu[(7, 6, 1)][(7, 7, 1)]: 0.8684601829254318
Pu[(7, 6, 1)][(7, 6, 2)]: 0.017332344877955208
Pu[(7, 6, 1)][(7, 6, 0)]: 0.1142074721966129
Pu[(7, 6, 2)][(7, 6, 3)]: 0.1160054515848415
Pu[(7, 6, 2)][(7, 6, 1)]: 0.8675833419448431
Pu[(7, 6, 2)][(6, 6, 2)]: 0.0164112064703154
Pu[(7, 6, 3)][(7, 6, 2)]: 0.12962540542294557
Pu[(7, 6, 3)][(7, 6, 0)]: 0.8541365862529654
Pu[(7, 6, 3)][(7, 5, 3)]: 0.016238008324089077
Pu[(7, 7, 0)][(8, 7, 0)]: 0.8599109949151067
Pu[(7, 7, 0)][(7, 7, 3)]: 0.01746252469441251
Pu[(7, 7, 0)][(7, 7, 1)]: 0.12262648039048075
Pu[(7, 7, 1)][(7, 8, 1)]: 0.8599109949151067
Pu[(7, 7, 1)][(7, 7, 2)]: 0.017462524694412514
Pu[(7, 7, 1)][(7, 7, 0)]: 0.12262648039048077
Pu[(7, 7, 2)][(7, 7, 3)]: 0.12262648039048077
Pu[(7, 7, 2)][(7, 7, 1)]: 0.8611156723385156
Pu[(7, 7, 2)][(6, 7, 2)]: 0.01625784727100361
Pu[(7, 7, 3)][(7, 7, 2)]: 0.12262648039048077
Pu[(7, 7, 3)][(7, 7, 0)]: 0.8611156723385156
Pu[(7, 7, 3)][(7, 6, 3)]: 0.01625784727100361
Pu[(7, 8, 0)][(8, 8, 0)]: 0.8695048015225506
Pu[(7, 8, 0)][(7, 8, 3)]: 0.01731348993273364
Pu[(7, 8, 0)][(7, 8, 1)]: 0.11318170854471578
Pu[(7, 8, 1)][(7, 9, 1)]: 0.8495194784837741
Pu[(7, 8, 1)][(7, 8, 2)]: 0.0176211232414945
Pu[(7, 8, 1)][(7, 8, 0)]: 0.13285939827473142
Pu[(7, 8, 2)][(7, 8, 3)]: 0.13053991070682275
Pu[(7, 8, 2)][(7, 8, 1)]: 0.8533652189405837
Pu[(7, 8, 2)][(6, 8, 2)]: 0.016094870352593472
Pu[(7, 8, 3)][(7, 8, 2)]: 0.11519276833832726
Pu[(7, 8, 3)][(7, 8, 0)]: 0.8685281679996171
Pu[(7, 8, 3)][(7, 7, 3)]: 0.016279063662055542
Pu[(7, 9, 0)][(8, 9, 0)]: 0.8795454053813355
Pu[(7, 9, 0)][(7, 9, 3)]: 0.017157560638578727
Pu[(7, 9, 0)][(7, 9, 1)]: 0.10329703398008588
Pu[(7, 9, 1)][(7, 10, 1)]: 0.8366084613624366
Pu[(7, 9, 1)][(7, 9, 2)]: 0.017818591249200676
Pu[(7, 9, 1)][(7, 9, 0)]: 0.1455729473883628
Pu[(7, 9, 2)][(7, 9, 3)]: 0.14017251067839093
Pu[(7, 9, 2)][(7, 9, 1)]: 0.8439081116264744
Pu[(7, 9, 2)][(6, 9, 2)]: 0.015919377695134598
Pu[(7, 9, 3)][(7, 9, 2)]: 0.10727676646570271
Pu[(7, 9, 3)][(7, 9, 0)]: 0.8764214220024811
Pu[(7, 9, 3)][(7, 8, 3)]: 0.016301811531816125
Pu[(7, 10, 0)][(8, 10, 0)]: 0.9666819132975456
Pu[(7, 10, 0)][(7, 10, 3)]: 0.015599083717450044
Pu[(7, 10, 0)][(7, 10, 1)]: 0.017719002985004232
Pu[(7, 10, 1)][(7, 10, 2)]: 0.028722288742684322
Pu[(7, 10, 1)][(7, 10, 1)]: 0.12262648039048078
Pu[(7, 10, 1)][(7, 10, 0)]: 0.8486512308668349
Pu[(7, 10, 2)][(7, 10, 3)]: 0.4609027405791468
Pu[(7, 10, 2)][(7, 10, 1)]: 0.5235395350165821
Pu[(7, 10, 2)][(6, 10, 2)]: 0.015557724404270935
Pu[(7, 10, 3)][(7, 10, 2)]: 0.032625654761917706
Pu[(7, 10, 3)][(7, 10, 0)]: 0.9639831393516668
Pu[(7, 10, 3)][(7, 9, 3)]: 0.00339120588641567
Pu[(8, 1, 0)][(9, 1, 0)]: 0.793337898742787
Pu[(8, 1, 0)][(8, 1, 3)]: 0.020742804228791052
Pu[(8, 1, 0)][(8, 1, 1)]: 0.18591929702842194
Pu[(8, 1, 1)][(8, 2, 1)]: 0.9021124356445718
Pu[(8, 1, 1)][(8, 1, 2)]: 0.01700702138167663
Pu[(8, 1, 1)][(8, 1, 0)]: 0.08088054297375155
Pu[(8, 1, 2)][(8, 1, 3)]: 0.09864686068016551
Pu[(8, 1, 2)][(8, 1, 1)]: 0.884179149040061
Pu[(8, 1, 2)][(7, 1, 2)]: 0.017173990279773572
Pu[(8, 1, 3)][(8, 1, 3)]: 0.12262648039048078
Pu[(8, 1, 3)][(8, 1, 2)]: 0.1524351975245416
Pu[(8, 1, 3)][(8, 1, 0)]: 0.7249383220849777
Pu[(8, 2, 0)][(9, 2, 0)]: 0.8028074097057546
Pu[(8, 2, 0)][(8, 2, 3)]: 0.018386366605037098
Pu[(8, 2, 0)][(8, 2, 1)]: 0.17880622368920845
Pu[(8, 2, 1)][(8, 3, 1)]: 0.8990312853824123
Pu[(8, 2, 1)][(8, 2, 2)]: 0.016870670474035263
Pu[(8, 2, 1)][(8, 2, 0)]: 0.08409804414355247
Pu[(8, 2, 2)][(8, 2, 3)]: 0.0916535873763707
Pu[(8, 2, 2)][(8, 2, 1)]: 0.8913251975432742
Pu[(8, 2, 2)][(7, 2, 2)]: 0.01702121508035504
Pu[(8, 2, 3)][(8, 2, 2)]: 0.1640661770412462
Pu[(8, 2, 3)][(8, 2, 0)]: 0.8178480292477899
Pu[(8, 2, 3)][(8, 1, 3)]: 0.018085793710963763
Pu[(8, 3, 0)][(9, 3, 0)]: 0.8115298145535101
Pu[(8, 3, 0)][(8, 3, 3)]: 0.0182128230636394
Pu[(8, 3, 0)][(8, 3, 1)]: 0.17025736238285055
Pu[(8, 3, 1)][(8, 4, 1)]: 0.8947476067595693
Pu[(8, 3, 1)][(8, 3, 2)]: 0.016931668177491293
Pu[(8, 3, 1)][(8, 3, 0)]: 0.08832072506293931
Pu[(8, 3, 2)][(8, 3, 3)]: 0.09500361816457419
Pu[(8, 3, 2)][(8, 3, 1)]: 0.8881141264596281
Pu[(8, 3, 2)][(7, 3, 2)]: 0.016882255375797718
Pu[(8, 3, 3)][(8, 3, 2)]: 0.15828085270297831
Pu[(8, 3, 3)][(8, 3, 0)]: 0.8256410134998661
Pu[(8, 3, 3)][(8, 2, 3)]: 0.016078133797155673
Pu[(8, 4, 0)][(9, 4, 0)]: 0.8205321001557495
Pu[(8, 4, 0)][(8, 4, 3)]: 0.018072058691315063
Pu[(8, 4, 0)][(8, 4, 1)]: 0.16139584115293537
Pu[(8, 4, 1)][(8, 5, 1)]: 0.8898242824873897
Pu[(8, 4, 1)][(8, 4, 2)]: 0.01700569785449557
Pu[(8, 4, 1)][(8, 4, 0)]: 0.09317001965811482
Pu[(8, 4, 2)][(8, 4, 3)]: 0.09901234738727949
Pu[(8, 4, 2)][(8, 4, 1)]: 0.8842479633366981
Pu[(8, 4, 2)][(7, 4, 2)]: 0.01673968927602238
Pu[(8, 4, 3)][(8, 4, 2)]: 0.15187250974002114
Pu[(8, 4, 3)][(8, 4, 0)]: 0.8320719819365935
Pu[(8, 4, 3)][(8, 3, 3)]: 0.01605550832338537
Pu[(8, 5, 0)][(9, 5, 0)]: 0.829850899026755
Pu[(8, 5, 0)][(8, 5, 3)]: 0.017927040908065264
Pu[(8, 5, 0)][(8, 5, 1)]: 0.15222206006517972
Pu[(8, 5, 1)][(8, 6, 1)]: 0.8841232472352817
Pu[(8, 5, 1)][(8, 5, 2)]: 0.017091769257609152
Pu[(8, 5, 1)][(8, 5, 0)]: 0.09878498350710918
Pu[(8, 5, 2)][(8, 5, 3)]: 0.10361258765800942
Pu[(8, 5, 2)][(8, 5, 1)]: 0.8797950327033855
Pu[(8, 5, 2)][(7, 5, 2)]: 0.016592379638605034
Pu[(8, 5, 3)][(8, 5, 2)]: 0.14512960281032578
Pu[(8, 5, 3)][(8, 5, 0)]: 0.8388028883334451
Pu[(8, 5, 3)][(8, 4, 3)]: 0.016067508856229266
Pu[(8, 6, 0)][(9, 6, 0)]: 0.8395062218242171
Pu[(8, 6, 0)][(8, 6, 3)]: 0.017776842660884855
Pu[(8, 6, 0)][(8, 6, 1)]: 0.142716935514898
Pu[(8, 6, 1)][(8, 7, 1)]: 0.8774428783085669
Pu[(8, 6, 1)][(8, 6, 2)]: 0.017192936013642617
Pu[(8, 6, 1)][(8, 6, 0)]: 0.10536418567779048
Pu[(8, 6, 2)][(8, 6, 3)]: 0.10894256509767018
Pu[(8, 6, 2)][(8, 6, 1)]: 0.8746181385788258
Pu[(8, 6, 2)][(7, 6, 2)]: 0.016439296323503962
Pu[(8, 6, 3)][(8, 6, 2)]: 0.1380291870259859
Pu[(8, 6, 3)][(8, 6, 0)]: 0.8458900143186885
Pu[(8, 6, 3)][(8, 5, 3)]: 0.01608079865532553
Pu[(8, 7, 0)][(9, 7, 0)]: 0.8495194784837742
Pu[(8, 7, 0)][(8, 7, 3)]: 0.0176211232414945
Pu[(8, 7, 0)][(8, 7, 1)]: 0.13285939827473137
Pu[(8, 7, 1)][(8, 8, 1)]: 0.8695048015225506
Pu[(8, 7, 1)][(8, 7, 2)]: 0.01731348993273364
Pu[(8, 7, 1)][(8, 7, 0)]: 0.11318170854471579
Pu[(8, 7, 2)][(8, 7, 3)]: 0.1151927683383273
Pu[(8, 7, 2)][(8, 7, 1)]: 0.8685281679996171
Pu[(8, 7, 2)][(7, 7, 2)]: 0.016279063662055546
Pu[(8, 7, 3)][(8, 7, 2)]: 0.13053991070682272
Pu[(8, 7, 3)][(8, 7, 0)]: 0.8533652189405837
Pu[(8, 7, 3)][(8, 6, 3)]: 0.016094870352593472
Pu[(8, 8, 0)][(9, 8, 0)]: 0.8599139969449566
Pu[(8, 8, 0)][(8, 8, 3)]: 0.01745952266456261
Pu[(8, 8, 0)][(8, 8, 1)]: 0.12262648039048075
Pu[(8, 8, 1)][(8, 9, 1)]: 0.8599139969449566
Pu[(8, 8, 1)][(8, 8, 2)]: 0.017459522664562615
Pu[(8, 8, 1)][(8, 8, 0)]: 0.12262648039048078
Pu[(8, 8, 2)][(8, 8, 3)]: 0.12262648039048077
Pu[(8, 8, 2)][(8, 8, 1)]: 0.8612637345165169
Pu[(8, 8, 2)][(7, 8, 2)]: 0.016109785093002354
Pu[(8, 8, 3)][(8, 8, 2)]: 0.12262648039048077
Pu[(8, 8, 3)][(8, 8, 0)]: 0.8612637345165169
Pu[(8, 8, 3)][(8, 7, 3)]: 0.016109785093002357
Pu[(8, 9, 0)][(9, 9, 0)]: 0.8707152518897855
Pu[(8, 9, 0)][(8, 9, 3)]: 0.017291648008349376
Pu[(8, 9, 0)][(8, 9, 1)]: 0.11199310010186517
Pu[(8, 9, 1)][(8, 10, 1)]: 0.8480905573392215
Pu[(8, 9, 1)][(8, 9, 2)]: 0.01763997713763847
Pu[(8, 9, 1)][(8, 9, 0)]: 0.13426946552314015
Pu[(8, 9, 2)][(8, 9, 3)]: 0.1316181034691614
Pu[(8, 9, 2)][(8, 9, 1)]: 0.8524531282340461
Pu[(8, 9, 2)][(7, 9, 2)]: 0.015928768296792607
Pu[(8, 9, 3)][(8, 9, 2)]: 0.11424912908337302
Pu[(8, 9, 3)][(8, 9, 0)]: 0.8696252483104061
Pu[(8, 9, 3)][(8, 8, 3)]: 0.016125622606220837
Pu[(8, 10, 0)][(9, 10, 0)]: 0.9666864540043267
Pu[(8, 10, 0)][(8, 10, 3)]: 0.015594622103952746
Pu[(8, 10, 0)][(8, 10, 1)]: 0.017718923891720577
Pu[(8, 10, 1)][(8, 10, 2)]: 0.028718500554815927
Pu[(8, 10, 1)][(8, 10, 1)]: 0.12262648039048074
Pu[(8, 10, 1)][(8, 10, 0)]: 0.8486550190547032
Pu[(8, 10, 2)][(8, 10, 3)]: 0.46083375047801967
Pu[(8, 10, 2)][(8, 10, 1)]: 0.5236085938489327
Pu[(8, 10, 2)][(7, 10, 2)]: 0.015557655673047666
Pu[(8, 10, 3)][(8, 10, 2)]: 0.032630539055264335
Pu[(8, 10, 3)][(8, 10, 0)]: 0.9642589344403216
Pu[(8, 10, 3)][(8, 9, 3)]: 0.0031105265044138798
Pu[(9, 1, 0)][(10, 1, 0)]: 0.7729595546536862
Pu[(9, 1, 0)][(9, 1, 3)]: 0.0210984838785192
Pu[(9, 1, 0)][(9, 1, 1)]: 0.20594196146779464
Pu[(9, 1, 1)][(9, 2, 1)]: 0.910114233510319
Pu[(9, 1, 1)][(9, 1, 2)]: 0.01686881751151717
Pu[(9, 1, 1)][(9, 1, 0)]: 0.07301694897816395
Pu[(9, 1, 2)][(9, 1, 3)]: 0.09132512814384552
Pu[(9, 1, 2)][(9, 1, 1)]: 0.8914231055431298
Pu[(9, 1, 2)][(8, 1, 2)]: 0.017251766313024604
Pu[(9, 1, 3)][(9, 1, 3)]: 0.12262648039048075
Pu[(9, 1, 3)][(9, 1, 2)]: 0.16465625615407728
Pu[(9, 1, 3)][(9, 1, 0)]: 0.712717263455442
Pu[(9, 2, 0)][(10, 2, 0)]: 0.7838591326789754
Pu[(9, 2, 0)][(9, 2, 3)]: 0.018678166196462512
Pu[(9, 2, 0)][(9, 2, 1)]: 0.1974627011245621
Pu[(9, 2, 1)][(9, 3, 1)]: 0.9071018388554764
Pu[(9, 2, 1)][(9, 2, 2)]: 0.01674578600066676
Pu[(9, 2, 1)][(9, 2, 0)]: 0.076152375143857
Pu[(9, 2, 2)][(9, 2, 3)]: 0.08493997947517586
Pu[(9, 2, 2)][(9, 2, 1)]: 0.8979724028694881
Pu[(9, 2, 2)][(8, 2, 2)]: 0.017087617655336042
Pu[(9, 2, 3)][(9, 2, 2)]: 0.1770338748121746
Pu[(9, 2, 3)][(9, 2, 0)]: 0.8050712010371176
Pu[(9, 2, 3)][(9, 1, 3)]: 0.017894924150707692
Pu[(9, 3, 0)][(10, 3, 0)]: 0.7938443354456445
Pu[(9, 3, 0)][(9, 3, 3)]: 0.01848496273540256
Pu[(9, 3, 0)][(9, 3, 1)]: 0.18767070181895304
Pu[(9, 3, 1)][(9, 4, 1)]: 0.903071260778542
Pu[(9, 3, 1)][(9, 3, 2)]: 0.016803000109215004
Pu[(9, 3, 1)][(9, 3, 0)]: 0.08012573911224291
Pu[(9, 3, 2)][(9, 3, 3)]: 0.08814624126700621
Pu[(9, 3, 2)][(9, 3, 1)]: 0.8949148125465
Pu[(9, 3, 2)][(8, 3, 2)]: 0.016938946186493813
Pu[(9, 3, 3)][(9, 3, 2)]: 0.17059438356999482
Pu[(9, 3, 3)][(9, 3, 0)]: 0.8134857455870056
Pu[(9, 3, 3)][(9, 2, 3)]: 0.015919870842999492
Pu[(9, 4, 0)][(10, 4, 0)]: 0.8040873285945356
Pu[(9, 4, 0)][(9, 4, 3)]: 0.01832480199034661
Pu[(9, 4, 0)][(9, 4, 1)]: 0.17758786941511778
Pu[(9, 4, 1)][(9, 5, 1)]: 0.898452854127576
Pu[(9, 4, 1)][(9, 4, 2)]: 0.01687214108475539
Pu[(9, 4, 1)][(9, 4, 0)]: 0.08467500478766861
Pu[(9, 4, 2)][(9, 4, 3)]: 0.09196536992377659
Pu[(9, 4, 2)][(9, 4, 1)]: 0.8912475077951837
Pu[(9, 4, 2)][(8, 4, 2)]: 0.016787122281039783
Pu[(9, 4, 3)][(9, 4, 2)]: 0.16350995712212385
Pu[(9, 4, 3)][(9, 4, 0)]: 0.8205956987081495
Pu[(9, 4, 3)][(9, 3, 3)]: 0.015894344169726574
Pu[(9, 5, 0)][(10, 5, 0)]: 0.8146204116288432
Pu[(9, 5, 0)][(9, 5, 3)]: 0.01816078976115973
Pu[(9, 5, 0)][(9, 5, 1)]: 0.16721879860999697
Pu[(9, 5, 1)][(9, 6, 1)]: 0.8931220744150529
Pu[(9, 5, 1)][(9, 5, 2)]: 0.016952308262290498
Pu[(9, 5, 1)][(9, 5, 0)]: 0.08992561732265657
Pu[(9, 5, 2)][(9, 5, 3)]: 0.09633615700417966
Pu[(9, 5, 2)][(9, 5, 1)]: 0.8870328134845525
Pu[(9, 5, 2)][(8, 5, 2)]: 0.016631029511268023
Pu[(9, 5, 3)][(9, 5, 2)]: 0.15609148382683108
Pu[(9, 5, 3)][(9, 5, 0)]: 0.8280065950169726
Pu[(9, 5, 3)][(9, 4, 3)]: 0.015901921156196295
Pu[(9, 6, 0)][(10, 6, 0)]: 0.825456395823084
Pu[(9, 6, 0)][(9, 6, 3)]: 0.017992123827302413
Pu[(9, 6, 0)][(9, 6, 1)]: 0.15655148034961372
Pu[(9, 6, 1)][(9, 7, 1)]: 0.8869007098998227
Pu[(9, 6, 1)][(9, 6, 2)]: 0.017046198431063104
Pu[(9, 6, 1)][(9, 6, 0)]: 0.09605309166911415
Pu[(9, 6, 2)][(9, 6, 3)]: 0.10138325716991847
Pu[(9, 6, 2)][(9, 6, 1)]: 0.8821470519523427
Pu[(9, 6, 2)][(8, 6, 2)]: 0.016469690877738856
Pu[(9, 6, 3)][(9, 6, 2)]: 0.14832087775355754
Pu[(9, 6, 3)][(9, 6, 0)]: 0.8357686861924807
Pu[(9, 6, 3)][(9, 5, 3)]: 0.015910436053961755
Pu[(9, 7, 0)][(10, 7, 0)]: 0.8366084613624366
Pu[(9, 7, 0)][(9, 7, 3)]: 0.017818591249200676
Pu[(9, 7, 0)][(9, 7, 1)]: 0.14557294738836277
Pu[(9, 7, 1)][(9, 8, 1)]: 0.8795454053813353
Pu[(9, 7, 1)][(9, 7, 2)]: 0.01715756063857872
Pu[(9, 7, 1)][(9, 7, 0)]: 0.10329703398008588
Pu[(9, 7, 2)][(9, 7, 3)]: 0.10727676646570272
Pu[(9, 7, 2)][(9, 7, 1)]: 0.8764214220024811
Pu[(9, 7, 2)][(8, 7, 2)]: 0.016301811531816125
Pu[(9, 7, 3)][(9, 7, 2)]: 0.1401725106783909
Pu[(9, 7, 3)][(9, 7, 0)]: 0.8439081116264745
Pu[(9, 7, 3)][(9, 6, 3)]: 0.015919377695134598
Pu[(9, 8, 0)][(10, 8, 0)]: 0.8480905573392215
Pu[(9, 8, 0)][(9, 8, 3)]: 0.017639977137638468
Pu[(9, 8, 0)][(9, 8, 1)]: 0.13426946552314012
Pu[(9, 8, 1)][(9, 9, 1)]: 0.8707152518897855
Pu[(9, 8, 1)][(9, 8, 2)]: 0.017291648008349376
Pu[(9, 8, 1)][(9, 8, 0)]: 0.1119931001018652
Pu[(9, 8, 2)][(9, 8, 3)]: 0.11424912908337302
Pu[(9, 8, 2)][(9, 8, 1)]: 0.8696252483104061
Pu[(9, 8, 2)][(8, 8, 2)]: 0.016125622606220837
Pu[(9, 8, 3)][(9, 8, 2)]: 0.13161810346916136
Pu[(9, 8, 3)][(9, 8, 0)]: 0.8524531282340461
Pu[(9, 8, 3)][(9, 7, 3)]: 0.015928768296792607
Pu[(9, 9, 0)][(10, 9, 0)]: 0.8599174656618825
Pu[(9, 9, 0)][(9, 9, 3)]: 0.017456053947636597
Pu[(9, 9, 0)][(9, 9, 1)]: 0.12262648039048075
Pu[(9, 9, 1)][(9, 10, 1)]: 0.8599174656618825
Pu[(9, 9, 1)][(9, 9, 2)]: 0.017456053947636597
Pu[(9, 9, 1)][(9, 9, 0)]: 0.12262648039048075
Pu[(9, 9, 2)][(9, 9, 3)]: 0.12262648039048077
Pu[(9, 9, 2)][(9, 9, 1)]: 0.8614348774393471
Pu[(9, 9, 2)][(8, 9, 2)]: 0.0159386421701722
Pu[(9, 9, 3)][(9, 9, 2)]: 0.12262648039048077
Pu[(9, 9, 3)][(9, 9, 0)]: 0.8614348774393471
Pu[(9, 9, 3)][(9, 8, 3)]: 0.0159386421701722
Pu[(9, 10, 0)][(10, 10, 0)]: 0.9666910031045697
Pu[(9, 10, 0)][(9, 10, 3)]: 0.01559015224319012
Pu[(9, 10, 0)][(9, 10, 1)]: 0.01771884465224027
Pu[(9, 10, 1)][(9, 10, 2)]: 0.02871470533091777
Pu[(9, 10, 1)][(9, 10, 1)]: 0.12262648039048077
Pu[(9, 10, 1)][(9, 10, 0)]: 0.8486588142786015
Pu[(9, 10, 2)][(9, 10, 3)]: 0.46076461397229773
Pu[(9, 10, 2)][(9, 10, 1)]: 0.5236777992203882
Pu[(9, 10, 2)][(8, 10, 2)]: 0.015557586807314124
Pu[(9, 10, 3)][(9, 10, 2)]: 0.032635435180925244
Pu[(9, 10, 3)][(9, 10, 0)]: 0.9645353976273924
Pu[(9, 10, 3)][(9, 9, 3)]: 0.00282916719168251
Pu[(10, 1, 0)][(10, 1, 3)]: 0.032253224933132436
Pu[(10, 1, 0)][(10, 1, 1)]: 0.8451202946763867
Pu[(10, 1, 0)][(10, 1, 0)]: 0.12262648039048078
Pu[(10, 1, 1)][(10, 2, 1)]: 0.9665158609293889
Pu[(10, 1, 1)][(10, 1, 2)]: 0.015691105596346826
Pu[(10, 1, 1)][(10, 1, 0)]: 0.017793033474264187
Pu[(10, 1, 2)][(10, 1, 3)]: 0.03657375876826728
Pu[(10, 1, 2)][(10, 1, 1)]: 0.9583297748284801
Pu[(10, 1, 2)][(9, 1, 2)]: 0.005096466403252536
Pu[(10, 1, 3)][(10, 1, 3)]: 0.12262648039048078
Pu[(10, 1, 3)][(10, 1, 2)]: 0.41114870878417425
Pu[(10, 1, 3)][(10, 1, 0)]: 0.4662248108253449
Pu[(10, 2, 0)][(10, 2, 3)]: 0.02879782978306432
Pu[(10, 2, 0)][(10, 2, 1)]: 0.8485756898264548
Pu[(10, 2, 0)][(10, 2, 0)]: 0.12262648039048074
Pu[(10, 2, 1)][(10, 3, 1)]: 0.9666570983750775
Pu[(10, 2, 1)][(10, 2, 2)]: 0.015622321276889757
Pu[(10, 2, 1)][(10, 2, 0)]: 0.017720580348032693
Pu[(10, 2, 2)][(10, 2, 3)]: 0.03266571257081192
Pu[(10, 2, 2)][(10, 2, 1)]: 0.9625492541368812
Pu[(10, 2, 2)][(9, 2, 2)]: 0.004785033292306884
Pu[(10, 2, 3)][(10, 2, 2)]: 0.46033753772735186
Pu[(10, 2, 3)][(10, 2, 0)]: 0.5221662120456105
Pu[(10, 2, 3)][(10, 1, 3)]: 0.017496250227037526
Pu[(10, 3, 0)][(10, 3, 3)]: 0.028738283752544957
Pu[(10, 3, 0)][(10, 3, 1)]: 0.8486352358569742
Pu[(10, 3, 0)][(10, 3, 0)]: 0.12262648039048077
Pu[(10, 3, 1)][(10, 4, 1)]: 0.9666637985411651
Pu[(10, 3, 1)][(10, 3, 2)]: 0.015616864507462542
Pu[(10, 3, 1)][(10, 3, 0)]: 0.017719336951372223
Pu[(10, 3, 2)][(10, 3, 3)]: 0.03260727100322582
Pu[(10, 3, 2)][(10, 3, 1)]: 0.9628855834518761
Pu[(10, 3, 2)][(9, 3, 2)]: 0.004507145544898018
Pu[(10, 3, 3)][(10, 3, 2)]: 0.4611625944247017
Pu[(10, 3, 3)][(10, 3, 0)]: 0.5232481460075123
Pu[(10, 3, 3)][(10, 2, 3)]: 0.015589259567786012
Pu[(10, 4, 0)][(10, 4, 3)]: 0.028733625717383277
Pu[(10, 4, 0)][(10, 4, 1)]: 0.8486398938921359
Pu[(10, 4, 0)][(10, 4, 0)]: 0.12262648039048077
Pu[(10, 4, 1)][(10, 5, 1)]: 0.9666683410357182
Pu[(10, 4, 1)][(10, 4, 2)]: 0.0156124192712345
Pu[(10, 4, 1)][(10, 4, 0)]: 0.017719239693047277
Pu[(10, 4, 2)][(10, 4, 3)]: 0.032611089446892845
Pu[(10, 4, 2)][(10, 4, 1)]: 0.9631597404421964
Pu[(10, 4, 2)][(9, 4, 2)]: 0.004229170110910809
Pu[(10, 4, 3)][(10, 4, 2)]: 0.46110859673808613
Pu[(10, 4, 3)][(10, 4, 0)]: 0.5233329702578997
Pu[(10, 4, 3)][(10, 3, 3)]: 0.015558433004014051
Pu[(10, 5, 0)][(10, 5, 3)]: 0.028729844221154523
Pu[(10, 5, 0)][(10, 5, 1)]: 0.8486436753883647
Pu[(10, 5, 0)][(10, 5, 0)]: 0.12262648039048078
Pu[(10, 5, 1)][(10, 6, 1)]: 0.9666728570862309
Pu[(10, 5, 1)][(10, 5, 2)]: 0.015607982176401454
Pu[(10, 5, 1)][(10, 5, 0)]: 0.01771916073736774
Pu[(10, 5, 2)][(10, 5, 3)]: 0.03261592190205476
Pu[(10, 5, 2)][(10, 5, 1)]: 0.9634335510513712
Pu[(10, 5, 2)][(9, 5, 2)]: 0.00395052704657389
Pu[(10, 5, 3)][(10, 5, 2)]: 0.46104027775494616
Pu[(10, 5, 3)][(10, 5, 0)]: 0.5234018526938148
Pu[(10, 5, 3)][(10, 4, 3)]: 0.015557869551239214
Pu[(10, 6, 0)][(10, 6, 3)]: 0.028726069891794347
Pu[(10, 6, 0)][(10, 6, 1)]: 0.8486474497177249
Pu[(10, 6, 0)][(10, 6, 0)]: 0.12262648039048074
Pu[(10, 6, 1)][(10, 7, 1)]: 0.9666773809919234
Pu[(10, 6, 1)][(10, 6, 2)]: 0.015603537076046252
Pu[(10, 6, 1)][(10, 6, 0)]: 0.017719081932030336
Pu[(10, 6, 2)][(10, 6, 3)]: 0.0326207822955299
Pu[(10, 6, 2)][(10, 6, 1)]: 0.9637080118226131
Pu[(10, 6, 2)][(9, 6, 2)]: 0.003671205881857027
Pu[(10, 6, 3)][(10, 6, 2)]: 0.46097158421052187
Pu[(10, 6, 3)][(10, 6, 0)]: 0.5234706226643407
Pu[(10, 6, 3)][(10, 5, 3)]: 0.015557793125137307
Pu[(10, 7, 0)][(10, 7, 3)]: 0.028722288742684333
Pu[(10, 7, 0)][(10, 7, 1)]: 0.848651230866835
Pu[(10, 7, 0)][(10, 7, 0)]: 0.12262648039048081
Pu[(10, 7, 1)][(10, 8, 1)]: 0.9666819132975456
Pu[(10, 7, 1)][(10, 7, 2)]: 0.015599083717450049
Pu[(10, 7, 1)][(10, 7, 0)]: 0.017719002985004235
Pu[(10, 7, 2)][(10, 7, 3)]: 0.032625654761917706
Pu[(10, 7, 2)][(10, 7, 1)]: 0.9639831393516668
Pu[(10, 7, 2)][(9, 7, 2)]: 0.0033912058864156696
Pu[(10, 7, 3)][(10, 7, 2)]: 0.46090274057914693
Pu[(10, 7, 3)][(10, 7, 0)]: 0.5235395350165822
Pu[(10, 7, 3)][(10, 6, 3)]: 0.015557724404270933
Pu[(10, 8, 0)][(10, 8, 3)]: 0.028718500554815927
Pu[(10, 8, 0)][(10, 8, 1)]: 0.8486550190547032
Pu[(10, 8, 0)][(10, 8, 0)]: 0.12262648039048075
Pu[(10, 8, 1)][(10, 9, 1)]: 0.9666864540043267
Pu[(10, 8, 1)][(10, 8, 2)]: 0.015594622103952746
Pu[(10, 8, 1)][(10, 8, 0)]: 0.01771892389172058
Pu[(10, 8, 2)][(10, 8, 3)]: 0.032630539055264335
Pu[(10, 8, 2)][(10, 8, 1)]: 0.9642589344403216
Pu[(10, 8, 2)][(9, 8, 2)]: 0.0031105265044138798
Pu[(10, 8, 3)][(10, 8, 2)]: 0.46083375047801967
Pu[(10, 8, 3)][(10, 8, 0)]: 0.5236085938489328
Pu[(10, 8, 3)][(10, 7, 3)]: 0.015557655673047672
Pu[(10, 9, 0)][(10, 9, 3)]: 0.02871470533091777
Pu[(10, 9, 0)][(10, 9, 1)]: 0.8486588142786015
Pu[(10, 9, 0)][(10, 9, 0)]: 0.12262648039048077
Pu[(10, 9, 1)][(10, 10, 1)]: 0.9666910031045697
Pu[(10, 9, 1)][(10, 9, 2)]: 0.01559015224319012
Pu[(10, 9, 1)][(10, 9, 0)]: 0.01771884465224027
Pu[(10, 9, 2)][(10, 9, 3)]: 0.032635435180925244
Pu[(10, 9, 2)][(10, 9, 1)]: 0.9645353976273924
Pu[(10, 9, 2)][(9, 9, 2)]: 0.00282916719168251
Pu[(10, 9, 3)][(10, 9, 2)]: 0.46076461397229773
Pu[(10, 9, 3)][(10, 9, 0)]: 0.5236777992203882
Pu[(10, 9, 3)][(10, 8, 3)]: 0.015557586807314124
