Pu[(1, 1, 0)][(2, 1, 0)]: 0.8552233173741283
Pu[(1, 1, 0)][(1, 1, 3)]: 0.019987299692801618
Pu[(1, 1, 0)][(1, 1, 1)]: 0.12478938293307025
Pu[(1, 1, 1)][(1, 2, 1)]: 0.8594884116442345
Pu[(1, 1, 1)][(1, 1, 2)]: 0.019984500381787583
Pu[(1, 1, 1)][(1, 1, 0)]: 0.12052708797397794
Pu[(1, 1, 2)][(1, 1, 3)]: 0.12105486249460387
Pu[(1, 1, 2)][(1, 1, 2)]: 0.12314711456436767
Pu[(1, 1, 2)][(1, 1, 1)]: 0.7557980229410285
Pu[(1, 1, 3)][(1, 1, 3)]: 0.12266102100688964
Pu[(1, 1, 3)][(1, 1, 2)]: 0.12478103312199526
Pu[(1, 1, 3)][(1, 1, 0)]: 0.7525579458711151
Pu[(1, 2, 0)][(2, 2, 0)]: 0.8599476677770856
Pu[(1, 2, 0)][(1, 2, 3)]: 0.02095785456123736
Pu[(1, 2, 0)][(1, 2, 1)]: 0.1190944776616769
Pu[(1, 2, 1)][(1, 3, 1)]: 0.852674808141006
Pu[(1, 2, 1)][(1, 2, 2)]: 0.020954978089138775
Pu[(1, 2, 1)][(1, 2, 0)]: 0.12637021376985508
Pu[(1, 2, 2)][(1, 2, 3)]: 0.1306605942687469
Pu[(1, 2, 2)][(1, 2, 2)]: 0.12685141966699723
Pu[(1, 2, 2)][(1, 2, 1)]: 0.7424879860642558
Pu[(1, 2, 3)][(1, 2, 2)]: 0.1395801496840429
Pu[(1, 2, 3)][(1, 2, 0)]: 0.8417462083982451
Pu[(1, 2, 3)][(1, 1, 3)]: 0.01867364191771203
Pu[(1, 3, 0)][(2, 3, 0)]: 0.863808053233674
Pu[(1, 3, 0)][(1, 3, 3)]: 0.022904322590226938
Pu[(1, 3, 0)][(1, 3, 1)]: 0.11328762417609906
Pu[(1, 3, 1)][(1, 4, 1)]: 0.8456752806596142
Pu[(1, 3, 1)][(1, 3, 2)]: 0.02138589180179969
Pu[(1, 3, 1)][(1, 3, 0)]: 0.13293882753858616
Pu[(1, 3, 2)][(1, 3, 3)]: 0.1468750139939242
Pu[(1, 3, 2)][(1, 3, 2)]: 0.12666292537727855
Pu[(1, 3, 2)][(1, 3, 1)]: 0.7264620606287973
Pu[(1, 3, 3)][(1, 3, 2)]: 0.13584416665236113
Pu[(1, 3, 3)][(1, 3, 0)]: 0.8444335363747363
Pu[(1, 3, 3)][(1, 2, 3)]: 0.019722296972902675
Pu[(1, 4, 0)][(2, 4, 0)]: 0.8716293976249463
Pu[(1, 4, 0)][(1, 4, 3)]: 0.020324819501191204
Pu[(1, 4, 0)][(1, 4, 1)]: 0.1080457828738624
Pu[(1, 4, 1)][(1, 5, 1)]: 0.8397542838871379
Pu[(1, 4, 1)][(1, 4, 2)]: 0.020905940511685452
Pu[(1, 4, 1)][(1, 4, 0)]: 0.1393397756011766
Pu[(1, 4, 2)][(1, 4, 3)]: 0.13846571297508287
Pu[(1, 4, 2)][(1, 4, 2)]: 0.12545708059739952
Pu[(1, 4, 2)][(1, 4, 1)]: 0.7360772064275177
Pu[(1, 4, 3)][(1, 4, 2)]: 0.12759775085301153
Pu[(1, 4, 3)][(1, 4, 0)]: 0.8504492759431503
Pu[(1, 4, 3)][(1, 3, 3)]: 0.021952973203838277
Pu[(1, 5, 0)][(2, 5, 0)]: 0.8766417737635241
Pu[(1, 5, 0)][(1, 5, 3)]: 0.02210491812280748
Pu[(1, 5, 0)][(1, 5, 1)]: 0.10125330811366844
Pu[(1, 5, 1)][(1, 6, 1)]: 0.8292237084829067
Pu[(1, 5, 1)][(1, 5, 2)]: 0.02192933293514066
Pu[(1, 5, 1)][(1, 5, 0)]: 0.14884695858195263
Pu[(1, 5, 2)][(1, 5, 3)]: 0.1562628106638724
Pu[(1, 5, 2)][(1, 5, 2)]: 0.1279631508640328
Pu[(1, 5, 2)][(1, 5, 1)]: 0.7157740384720948
Pu[(1, 5, 3)][(1, 5, 2)]: 0.12592449038473225
Pu[(1, 5, 3)][(1, 5, 0)]: 0.8547217309430442
Pu[(1, 5, 3)][(1, 4, 3)]: 0.019353778672223657
Pu[(1, 6, 0)][(2, 6, 0)]: 0.8822913676318127
Pu[(1, 6, 0)][(1, 6, 3)]: 0.022265716492957482
Pu[(1, 6, 0)][(1, 6, 1)]: 0.09544291587522982
Pu[(1, 6, 1)][(1, 7, 1)]: 0.819233663871199
Pu[(1, 6, 1)][(1, 6, 2)]: 0.022917460218384162
Pu[(1, 6, 1)][(1, 6, 0)]: 0.15784887591041688
Pu[(1, 6, 2)][(1, 6, 3)]: 0.16427332010807183
Pu[(1, 6, 2)][(1, 6, 2)]: 0.1315622899169417
Pu[(1, 6, 2)][(1, 6, 1)]: 0.7041643899749864
Pu[(1, 6, 3)][(1, 6, 2)]: 0.12406083597981732
Pu[(1, 6, 3)][(1, 6, 0)]: 0.8544953636795923
Pu[(1, 6, 3)][(1, 5, 3)]: 0.021443800340590208
Pu[(1, 7, 0)][(2, 7, 0)]: 0.891123333450095
Pu[(1, 7, 0)][(1, 7, 3)]: 0.020922789553390685
Pu[(1, 7, 0)][(1, 7, 1)]: 0.08795387699651447
Pu[(1, 7, 1)][(1, 8, 1)]: 0.8066318909701667
Pu[(1, 7, 1)][(1, 7, 2)]: 0.022058455945840202
Pu[(1, 7, 1)][(1, 7, 0)]: 0.17130965308399293
Pu[(1, 7, 2)][(1, 7, 3)]: 0.16779459158374907
Pu[(1, 7, 2)][(1, 7, 2)]: 0.12684129665775085
Pu[(1, 7, 2)][(1, 7, 1)]: 0.7053641117585001
Pu[(1, 7, 3)][(1, 7, 2)]: 0.11160202681169948
Pu[(1, 7, 3)][(1, 7, 0)]: 0.8667199800169193
Pu[(1, 7, 3)][(1, 6, 3)]: 0.021677993171381308
Pu[(1, 8, 0)][(2, 8, 0)]: 0.889890157095616
Pu[(1, 8, 0)][(1, 8, 3)]: 0.030259398632808278
Pu[(1, 8, 0)][(1, 8, 1)]: 0.0798504442715756
Pu[(1, 8, 1)][(1, 9, 1)]: 0.7873804618607225
Pu[(1, 8, 1)][(1, 8, 2)]: 0.02406872264038649
Pu[(1, 8, 1)][(1, 8, 0)]: 0.188550815498891
Pu[(1, 8, 2)][(1, 8, 3)]: 0.24057733143720406
Pu[(1, 8, 2)][(1, 8, 2)]: 0.12457175727923624
Pu[(1, 8, 2)][(1, 8, 1)]: 0.6348509112835597
Pu[(1, 8, 3)][(1, 8, 2)]: 0.11088671050195024
Pu[(1, 8, 3)][(1, 8, 0)]: 0.8686700995943019
Pu[(1, 8, 3)][(1, 7, 3)]: 0.020443189903748077
Pu[(1, 9, 0)][(2, 9, 0)]: 0.9055332507604439
Pu[(1, 9, 0)][(1, 9, 3)]: 0.022211094418081067
Pu[(1, 9, 0)][(1, 9, 1)]: 0.07225565482147517
Pu[(1, 9, 1)][(1, 10, 1)]: 0.7670753908316252
Pu[(1, 9, 1)][(1, 9, 2)]: 0.024195552013938203
Pu[(1, 9, 1)][(1, 9, 0)]: 0.20872905715443646
Pu[(1, 9, 2)][(1, 9, 3)]: 0.20429615636986298
Pu[(1, 9, 2)][(1, 9, 2)]: 0.13110117803621607
Pu[(1, 9, 2)][(1, 9, 1)]: 0.6646026655939209
Pu[(1, 9, 3)][(1, 9, 2)]: 0.10074530999188112
Pu[(1, 9, 3)][(1, 9, 0)]: 0.8691049311552392
Pu[(1, 9, 3)][(1, 8, 3)]: 0.030149758852879755
Pu[(1, 10, 0)][(2, 10, 0)]: 0.9661443874394731
Pu[(1, 10, 0)][(1, 10, 3)]: 0.01603455103486603
Pu[(1, 10, 0)][(1, 10, 1)]: 0.01782106152566099
Pu[(1, 10, 1)][(1, 10, 2)]: 0.03341784991854315
Pu[(1, 10, 1)][(1, 10, 1)]: 0.12264581693432801
Pu[(1, 10, 1)][(1, 10, 0)]: 0.8439363331471288
Pu[(1, 10, 2)][(1, 10, 3)]: 0.41420750945156637
Pu[(1, 10, 2)][(1, 10, 2)]: 0.12543550928488914
Pu[(1, 10, 2)][(1, 10, 1)]: 0.4603569812635446
Pu[(1, 10, 3)][(1, 10, 2)]: 0.03782941800295472
Pu[(1, 10, 3)][(1, 10, 0)]: 0.9553463311470695
Pu[(1, 10, 3)][(1, 9, 3)]: 0.006824250849975698
Pu[(2, 1, 0)][(3, 1, 0)]: 0.8514276012396561
Pu[(2, 1, 0)][(2, 1, 3)]: 0.019765004812674746
Pu[(2, 1, 0)][(2, 1, 1)]: 0.12880739394766913
Pu[(2, 1, 1)][(2, 2, 1)]: 0.8654418489050265
Pu[(2, 1, 1)][(2, 1, 2)]: 0.01778579440051277
Pu[(2, 1, 1)][(2, 1, 0)]: 0.11677235669446072
Pu[(2, 1, 2)][(2, 1, 3)]: 0.13047254743994438
Pu[(2, 1, 2)][(2, 1, 1)]: 0.8502820503578
Pu[(2, 1, 2)][(1, 1, 2)]: 0.01924540220225568
Pu[(2, 1, 3)][(2, 1, 3)]: 0.12271049579121132
Pu[(2, 1, 3)][(2, 1, 2)]: 0.1159594615756293
Pu[(2, 1, 3)][(2, 1, 0)]: 0.7613300426331594
Pu[(2, 2, 0)][(3, 2, 0)]: 0.8521687515651909
Pu[(2, 2, 0)][(2, 2, 3)]: 0.02469974022178068
Pu[(2, 2, 0)][(2, 2, 1)]: 0.12313150821302829
Pu[(2, 2, 1)][(2, 3, 1)]: 0.8588693157610248
Pu[(2, 2, 1)][(2, 2, 2)]: 0.018940460676359565
Pu[(2, 2, 1)][(2, 2, 0)]: 0.12219022356261572
Pu[(2, 2, 2)][(2, 2, 3)]: 0.16386360148385234
Pu[(2, 2, 2)][(2, 2, 1)]: 0.8168819676141014
Pu[(2, 2, 2)][(1, 2, 2)]: 0.01925443090204622
Pu[(2, 2, 3)][(2, 2, 2)]: 0.13171559266452454
Pu[(2, 2, 3)][(2, 2, 0)]: 0.849734227132541
Pu[(2, 2, 3)][(2, 1, 3)]: 0.018550180202934276
Pu[(2, 3, 0)][(3, 3, 0)]: 0.8581247129248045
Pu[(2, 3, 0)][(2, 3, 3)]: 0.024362328920356995
Pu[(2, 3, 0)][(2, 3, 1)]: 0.11751295815483845
Pu[(2, 3, 1)][(2, 4, 1)]: 0.8525945608260455
Pu[(2, 3, 1)][(2, 3, 2)]: 0.019295260748389453
Pu[(2, 3, 1)][(2, 3, 0)]: 0.12811017842556507
Pu[(2, 3, 2)][(2, 3, 3)]: 0.16838568318093391
Pu[(2, 3, 2)][(2, 3, 1)]: 0.8122170834406833
Pu[(2, 3, 2)][(1, 3, 2)]: 0.019397233378382794
Pu[(2, 3, 3)][(2, 3, 2)]: 0.12785137603319016
Pu[(2, 3, 3)][(2, 3, 0)]: 0.8488645377302373
Pu[(2, 3, 3)][(2, 2, 3)]: 0.023284086236572535
Pu[(2, 4, 0)][(3, 4, 0)]: 0.8651638605927348
Pu[(2, 4, 0)][(2, 4, 3)]: 0.02292284142131894
Pu[(2, 4, 0)][(2, 4, 1)]: 0.11191329798594649
Pu[(2, 4, 1)][(2, 5, 1)]: 0.8446643506316855
Pu[(2, 4, 1)][(2, 4, 2)]: 0.020882771728024524
Pu[(2, 4, 1)][(2, 4, 0)]: 0.13445287764029
Pu[(2, 4, 2)][(2, 4, 3)]: 0.16679919836828933
Pu[(2, 4, 2)][(2, 4, 1)]: 0.8143426919773757
Pu[(2, 4, 2)][(1, 4, 2)]: 0.018858109654334845
Pu[(2, 4, 3)][(2, 4, 2)]: 0.13134279656746836
Pu[(2, 4, 3)][(2, 4, 0)]: 0.8456452613577403
Pu[(2, 4, 3)][(2, 3, 3)]: 0.023011942074791212
Pu[(2, 5, 0)][(3, 5, 0)]: 0.8707115096903312
Pu[(2, 5, 0)][(2, 5, 3)]: 0.024362565496479503
Pu[(2, 5, 0)][(2, 5, 1)]: 0.1049259248131893
Pu[(2, 5, 1)][(2, 6, 1)]: 0.8364210149868291
Pu[(2, 5, 1)][(2, 5, 2)]: 0.020119957212353375
Pu[(2, 5, 1)][(2, 5, 0)]: 0.14345902780081746
Pu[(2, 5, 2)][(2, 5, 3)]: 0.18481341035588933
Pu[(2, 5, 2)][(2, 5, 1)]: 0.7959637092519396
Pu[(2, 5, 2)][(1, 5, 2)]: 0.01922288039217117
Pu[(2, 5, 3)][(2, 5, 2)]: 0.12031481059677979
Pu[(2, 5, 3)][(2, 5, 0)]: 0.8578669216878835
Pu[(2, 5, 3)][(2, 4, 3)]: 0.021818267715336792
Pu[(2, 6, 0)][(3, 6, 0)]: 0.880453444557647
Pu[(2, 6, 0)][(2, 6, 3)]: 0.020457824900762037
Pu[(2, 6, 0)][(2, 6, 1)]: 0.09908873054159088
Pu[(2, 6, 1)][(2, 7, 1)]: 0.8288606319877124
Pu[(2, 6, 1)][(2, 6, 2)]: 0.019307344634218095
Pu[(2, 6, 1)][(2, 6, 0)]: 0.15183202337806945
Pu[(2, 6, 2)][(2, 6, 3)]: 0.16765157600927383
Pu[(2, 6, 2)][(2, 6, 1)]: 0.8120306983093387
Pu[(2, 6, 2)][(1, 6, 2)]: 0.020317725681387525
Pu[(2, 6, 3)][(2, 6, 2)]: 0.11012919958360347
Pu[(2, 6, 3)][(2, 6, 0)]: 0.8660506932761303
Pu[(2, 6, 3)][(2, 5, 3)]: 0.023820107140266302
Pu[(2, 7, 0)][(3, 7, 0)]: 0.8836319606995298
Pu[(2, 7, 0)][(2, 7, 3)]: 0.02487288234319522
Pu[(2, 7, 0)][(2, 7, 1)]: 0.09149515695727493
Pu[(2, 7, 1)][(2, 8, 1)]: 0.814247717475898
Pu[(2, 7, 1)][(2, 7, 2)]: 0.021301491161394688
Pu[(2, 7, 1)][(2, 7, 0)]: 0.1644507913627072
Pu[(2, 7, 2)][(2, 7, 3)]: 0.20981711379872278
Pu[(2, 7, 2)][(2, 7, 1)]: 0.7718144400979962
Pu[(2, 7, 2)][(1, 7, 2)]: 0.01836844610328095
Pu[(2, 7, 3)][(2, 7, 2)]: 0.11240955110501832
Pu[(2, 7, 3)][(2, 7, 0)]: 0.8678190412063437
Pu[(2, 7, 3)][(2, 6, 3)]: 0.01977140768863807
Pu[(2, 8, 0)][(3, 8, 0)]: 0.8924462386091254
Pu[(2, 8, 0)][(2, 8, 3)]: 0.023583806844084648
Pu[(2, 8, 0)][(2, 8, 1)]: 0.08396995454679007
Pu[(2, 8, 1)][(2, 9, 1)]: 0.7971820750964899
Pu[(2, 8, 1)][(2, 8, 2)]: 0.02365700895482577
Pu[(2, 8, 1)][(2, 8, 0)]: 0.1791609159486842
Pu[(2, 8, 2)][(2, 8, 3)]: 0.21495796847054544
Pu[(2, 8, 2)][(2, 8, 1)]: 0.7653561174950592
Pu[(2, 8, 2)][(1, 8, 2)]: 0.01968591403439532
Pu[(2, 8, 3)][(2, 8, 2)]: 0.11382337120521284
Pu[(2, 8, 3)][(2, 8, 0)]: 0.8620151212029334
Pu[(2, 8, 3)][(2, 7, 3)]: 0.02416150759185387
Pu[(2, 9, 0)][(3, 9, 0)]: 0.9037789774089228
Pu[(2, 9, 0)][(2, 9, 3)]: 0.020569909570721762
Pu[(2, 9, 0)][(2, 9, 1)]: 0.07565111302035551
Pu[(2, 9, 1)][(2, 10, 1)]: 0.779676464202956
Pu[(2, 9, 1)][(2, 9, 2)]: 0.021362221322544683
Pu[(2, 9, 1)][(2, 9, 0)]: 0.19896131447449938
Pu[(2, 9, 2)][(2, 9, 3)]: 0.2095701936148494
Pu[(2, 9, 2)][(2, 9, 1)]: 0.7707480846401437
Pu[(2, 9, 2)][(1, 9, 2)]: 0.01968172174500711
Pu[(2, 9, 3)][(2, 9, 2)]: 0.09468119568755755
Pu[(2, 9, 3)][(2, 9, 0)]: 0.8818322245417956
Pu[(2, 9, 3)][(2, 8, 3)]: 0.023486579770646852
Pu[(2, 10, 0)][(3, 10, 0)]: 0.9664685125375457
Pu[(2, 10, 0)][(2, 10, 3)]: 0.01576880459977722
Pu[(2, 10, 0)][(2, 10, 1)]: 0.017762682862677157
Pu[(2, 10, 1)][(2, 10, 2)]: 0.030752659487389443
Pu[(2, 10, 1)][(2, 10, 1)]: 0.12263327514375373
Pu[(2, 10, 1)][(2, 10, 0)]: 0.8466140653688567
Pu[(2, 10, 2)][(2, 10, 3)]: 0.4617809429211063
Pu[(2, 10, 2)][(2, 10, 1)]: 0.5201705930994615
Pu[(2, 10, 2)][(1, 10, 2)]: 0.018048463979432265
Pu[(2, 10, 3)][(2, 10, 2)]: 0.03484279728343251
Pu[(2, 10, 3)][(2, 10, 0)]: 0.959214674394128
Pu[(2, 10, 3)][(2, 9, 3)]: 0.005942528322439484
Pu[(3, 1, 0)][(4, 1, 0)]: 0.8464731426939536
Pu[(3, 1, 0)][(3, 1, 3)]: 0.019835840537142976
Pu[(3, 1, 0)][(3, 1, 1)]: 0.13369101676890366
Pu[(3, 1, 1)][(3, 2, 1)]: 0.8698739579150786
Pu[(3, 1, 1)][(3, 1, 2)]: 0.017624163089792807
Pu[(3, 1, 1)][(3, 1, 0)]: 0.11250187899512866
Pu[(3, 1, 2)][(3, 1, 3)]: 0.1269762679189663
Pu[(3, 1, 2)][(3, 1, 1)]: 0.8558037322300623
Pu[(3, 1, 2)][(2, 1, 2)]: 0.017219999850971494
Pu[(3, 1, 3)][(3, 1, 3)]: 0.12269063510776194
Pu[(3, 1, 3)][(3, 1, 2)]: 0.11882205190697191
Pu[(3, 1, 3)][(3, 1, 0)]: 0.7584873129852661
Pu[(3, 2, 0)][(4, 2, 0)]: 0.8512739571309565
Pu[(3, 2, 0)][(3, 2, 3)]: 0.02032545911394413
Pu[(3, 2, 0)][(3, 2, 1)]: 0.12840058375509927
Pu[(3, 2, 1)][(3, 3, 1)]: 0.8648038372916442
Pu[(3, 2, 1)][(3, 2, 2)]: 0.018013962391314902
Pu[(3, 2, 1)][(3, 2, 0)]: 0.1171822003170408
Pu[(3, 2, 2)][(3, 2, 3)]: 0.13419399250243463
Pu[(3, 2, 2)][(3, 2, 1)]: 0.8477342074855817
Pu[(3, 2, 2)][(2, 2, 2)]: 0.018071800011983625
Pu[(3, 2, 3)][(3, 2, 2)]: 0.1307614703639811
Pu[(3, 2, 3)][(3, 2, 0)]: 0.8506133454197999
Pu[(3, 2, 3)][(3, 1, 3)]: 0.01862518421621894
Pu[(3, 3, 0)][(4, 3, 0)]: 0.8580729351936379
Pu[(3, 3, 0)][(3, 3, 3)]: 0.019380852962402627
Pu[(3, 3, 0)][(3, 3, 1)]: 0.12254621184395953
Pu[(3, 3, 1)][(3, 4, 1)]: 0.859196600299353
Pu[(3, 3, 1)][(3, 3, 2)]: 0.01802256945837183
Pu[(3, 3, 1)][(3, 3, 0)]: 0.12278083024227526
Pu[(3, 3, 2)][(3, 3, 3)]: 0.1340587750265385
Pu[(3, 3, 2)][(3, 3, 1)]: 0.8476610949896649
Pu[(3, 3, 2)][(2, 3, 2)]: 0.01828012998379667
Pu[(3, 3, 3)][(3, 3, 2)]: 0.12554317236244567
Pu[(3, 3, 3)][(3, 3, 0)]: 0.8552773215558289
Pu[(3, 3, 3)][(3, 2, 3)]: 0.01917950608172555
Pu[(3, 4, 0)][(4, 4, 0)]: 0.864645680466038
Pu[(3, 4, 0)][(3, 4, 3)]: 0.018692519043797172
Pu[(3, 4, 0)][(3, 4, 1)]: 0.11666180049016478
Pu[(3, 4, 1)][(3, 5, 1)]: 0.8527420741625596
Pu[(3, 4, 1)][(3, 4, 2)]: 0.018296078859648186
Pu[(3, 4, 1)][(3, 4, 0)]: 0.1289618469777922
Pu[(3, 4, 2)][(3, 4, 3)]: 0.13539837249487807
Pu[(3, 4, 2)][(3, 4, 1)]: 0.8450342022752724
Pu[(3, 4, 2)][(2, 4, 2)]: 0.019567425229849594
Pu[(3, 4, 3)][(3, 4, 2)]: 0.12195224954381749
Pu[(3, 4, 3)][(3, 4, 0)]: 0.8595933295277531
Pu[(3, 4, 3)][(3, 3, 3)]: 0.01845442092842932
Pu[(3, 5, 0)][(4, 5, 0)]: 0.870914637652956
Pu[(3, 5, 0)][(3, 5, 3)]: 0.01932354255620857
Pu[(3, 5, 0)][(3, 5, 1)]: 0.10976181979083552
Pu[(3, 5, 1)][(3, 6, 1)]: 0.8440632993349404
Pu[(3, 5, 1)][(3, 5, 2)]: 0.01884560145886482
Pu[(3, 5, 1)][(3, 5, 0)]: 0.13709109920619472
Pu[(3, 5, 2)][(3, 5, 3)]: 0.1469351884796915
Pu[(3, 5, 2)][(3, 5, 1)]: 0.8346230320826206
Pu[(3, 5, 2)][(2, 5, 2)]: 0.018441779437687943
Pu[(3, 5, 3)][(3, 5, 2)]: 0.11870281055954279
Pu[(3, 5, 3)][(3, 5, 0)]: 0.8634958567914361
Pu[(3, 5, 3)][(3, 4, 3)]: 0.017801332649021
Pu[(3, 6, 0)][(4, 6, 0)]: 0.8784850930211613
Pu[(3, 6, 0)][(3, 6, 3)]: 0.01807651580094275
Pu[(3, 6, 0)][(3, 6, 1)]: 0.10343839117789606
Pu[(3, 6, 1)][(3, 7, 1)]: 0.8351355145590947
Pu[(3, 6, 1)][(3, 6, 2)]: 0.019428613903512082
Pu[(3, 6, 1)][(3, 6, 0)]: 0.14543587153739312
Pu[(3, 6, 2)][(3, 6, 3)]: 0.14614580843947747
Pu[(3, 6, 2)][(3, 6, 1)]: 0.8362832455568747
Pu[(3, 6, 2)][(2, 6, 2)]: 0.017570946003647774
Pu[(3, 6, 3)][(3, 6, 2)]: 0.11564548883062449
Pu[(3, 6, 3)][(3, 6, 0)]: 0.865682057452868
Pu[(3, 6, 3)][(3, 5, 3)]: 0.018672453716507553
Pu[(3, 7, 0)][(4, 7, 0)]: 0.8844815915417645
Pu[(3, 7, 0)][(3, 7, 3)]: 0.01963345607186479
Pu[(3, 7, 0)][(3, 7, 1)]: 0.09588495238637058
Pu[(3, 7, 1)][(3, 8, 1)]: 0.8240423203283129
Pu[(3, 7, 1)][(3, 7, 2)]: 0.01908403526105852
Pu[(3, 7, 1)][(3, 7, 0)]: 0.1568736444106285
Pu[(3, 7, 2)][(3, 7, 3)]: 0.16677488366417093
Pu[(3, 7, 2)][(3, 7, 1)]: 0.8144873587639669
Pu[(3, 7, 2)][(2, 7, 2)]: 0.01873775757186222
Pu[(3, 7, 3)][(3, 7, 2)]: 0.10655235744893943
Pu[(3, 7, 3)][(3, 7, 0)]: 0.8758764278573217
Pu[(3, 7, 3)][(3, 6, 3)]: 0.017571214693738905
Pu[(3, 8, 0)][(4, 8, 0)]: 0.8915273462006015
Pu[(3, 8, 0)][(3, 8, 3)]: 0.02028912658970707
Pu[(3, 8, 0)][(3, 8, 1)]: 0.08818352720969158
Pu[(3, 8, 1)][(3, 9, 1)]: 0.8093259249711975
Pu[(3, 8, 1)][(3, 8, 2)]: 0.0200897950599545
Pu[(3, 8, 1)][(3, 8, 0)]: 0.17058427996884792
Pu[(3, 8, 2)][(3, 8, 3)]: 0.18328229395732043
Pu[(3, 8, 2)][(3, 8, 1)]: 0.796607931089527
Pu[(3, 8, 2)][(2, 8, 2)]: 0.020109774953152672
Pu[(3, 8, 3)][(3, 8, 2)]: 0.10333656913897754
Pu[(3, 8, 3)][(3, 8, 0)]: 0.8774402221833058
Pu[(3, 8, 3)][(3, 7, 3)]: 0.01922320867771678
Pu[(3, 9, 0)][(4, 9, 0)]: 0.9009261390784029
Pu[(3, 9, 0)][(3, 9, 3)]: 0.019395015656592532
Pu[(3, 9, 0)][(3, 9, 1)]: 0.07967884526500463
Pu[(3, 9, 1)][(3, 10, 1)]: 0.7906270791934509
Pu[(3, 9, 1)][(3, 9, 2)]: 0.020457451044320802
Pu[(3, 9, 1)][(3, 9, 0)]: 0.1889154697622283
Pu[(3, 9, 2)][(3, 9, 3)]: 0.19229076421736133
Pu[(3, 9, 2)][(3, 9, 1)]: 0.7899713163034601
Pu[(3, 9, 2)][(2, 9, 2)]: 0.017737919479178518
Pu[(3, 9, 3)][(3, 9, 2)]: 0.09575221850953299
Pu[(3, 9, 3)][(3, 9, 0)]: 0.8842291887349119
Pu[(3, 9, 3)][(3, 8, 3)]: 0.02001859275555503
Pu[(3, 10, 0)][(4, 10, 0)]: 0.9666281615401945
Pu[(3, 10, 0)][(3, 10, 3)]: 0.015647394575049337
Pu[(3, 10, 0)][(3, 10, 1)]: 0.017724443884755976
Pu[(3, 10, 1)][(3, 10, 2)]: 0.028943915564152524
Pu[(3, 10, 1)][(3, 10, 1)]: 0.12263117190107126
Pu[(3, 10, 1)][(3, 10, 0)]: 0.8484249125347761
Pu[(3, 10, 2)][(3, 10, 3)]: 0.46107168933474746
Pu[(3, 10, 2)][(3, 10, 1)]: 0.5222747624383726
Pu[(3, 10, 2)][(2, 10, 2)]: 0.016653548226880015
Pu[(3, 10, 3)][(3, 10, 2)]: 0.03281621846052489
Pu[(3, 10, 3)][(3, 10, 0)]: 0.9619326457535619
Pu[(3, 10, 3)][(3, 9, 3)]: 0.005251135785913208
Pu[(4, 1, 0)][(5, 1, 0)]: 0.8393362200381945
Pu[(4, 1, 0)][(4, 1, 3)]: 0.01996100946983671
Pu[(4, 1, 0)][(4, 1, 1)]: 0.1407027704919687
Pu[(4, 1, 1)][(4, 2, 1)]: 0.875582202791855
Pu[(4, 1, 1)][(4, 1, 2)]: 0.01753016557362769
Pu[(4, 1, 1)][(4, 1, 0)]: 0.10688763163451741
Pu[(4, 1, 2)][(4, 1, 3)]: 0.12212545255663391
Pu[(4, 1, 2)][(4, 1, 1)]: 0.8608477215678833
Pu[(4, 1, 2)][(3, 1, 2)]: 0.01702682587548276
Pu[(4, 1, 3)][(4, 1, 3)]: 0.1226861359751436
Pu[(4, 1, 3)][(4, 1, 2)]: 0.1236113935586379
Pu[(4, 1, 3)][(4, 1, 0)]: 0.7537024704662186
Pu[(4, 2, 0)][(5, 2, 0)]: 0.8459572500178293
Pu[(4, 2, 0)][(4, 2, 3)]: 0.01871686884367852
Pu[(4, 2, 0)][(4, 2, 1)]: 0.1353258811384922
Pu[(4, 2, 1)][(4, 3, 1)]: 0.8711999268833983
Pu[(4, 2, 1)][(4, 2, 2)]: 0.017615646355519373
Pu[(4, 2, 1)][(4, 2, 0)]: 0.1111844267610824
Pu[(4, 2, 2)][(4, 2, 3)]: 0.11939777558244224
Pu[(4, 2, 2)][(4, 2, 1)]: 0.8632645407528757
Pu[(4, 2, 2)][(3, 2, 2)]: 0.01733768366468204
Pu[(4, 2, 3)][(4, 2, 2)]: 0.13422760689143717
Pu[(4, 2, 3)][(4, 2, 0)]: 0.8472024941088993
Pu[(4, 2, 3)][(4, 1, 3)]: 0.018569898999663638
Pu[(4, 3, 0)][(5, 3, 0)]: 0.8526448457488102
Pu[(4, 3, 0)][(4, 3, 3)]: 0.018276921748393793
Pu[(4, 3, 0)][(4, 3, 1)]: 0.129078232502796
Pu[(4, 3, 1)][(4, 4, 1)]: 0.8649887645566023
Pu[(4, 3, 1)][(4, 3, 2)]: 0.018455274611030126
Pu[(4, 3, 1)][(4, 3, 0)]: 0.11655596083236754
Pu[(4, 3, 2)][(4, 3, 3)]: 0.1219032518112587
Pu[(4, 3, 2)][(4, 3, 1)]: 0.8609248590520097
Pu[(4, 3, 2)][(3, 3, 2)]: 0.017171889136731594
Pu[(4, 3, 3)][(4, 3, 2)]: 0.13431875908564286
Pu[(4, 3, 3)][(4, 3, 0)]: 0.8483023066848066
Pu[(4, 3, 3)][(4, 2, 3)]: 0.0173789342295506
Pu[(4, 4, 0)][(5, 4, 0)]: 0.8582478230260346
Pu[(4, 4, 0)][(4, 4, 3)]: 0.019015882944499664
Pu[(4, 4, 0)][(4, 4, 1)]: 0.12273629402946568
Pu[(4, 4, 1)][(4, 5, 1)]: 0.8595168459513538
Pu[(4, 4, 1)][(4, 4, 2)]: 0.017935685357383855
Pu[(4, 4, 1)][(4, 4, 0)]: 0.1225474686912623
Pu[(4, 4, 2)][(4, 4, 3)]: 0.13185267095447523
Pu[(4, 4, 2)][(4, 4, 1)]: 0.8510311216192996
Pu[(4, 4, 2)][(3, 4, 2)]: 0.017116207426225313
Pu[(4, 4, 3)][(4, 4, 2)]: 0.12547235644609514
Pu[(4, 4, 3)][(4, 4, 0)]: 0.8573031566293923
Pu[(4, 4, 3)][(4, 3, 3)]: 0.017224486924512606
Pu[(4, 5, 0)][(5, 5, 0)]: 0.8660184206421074
Pu[(4, 5, 0)][(4, 5, 3)]: 0.018361186952353413
Pu[(4, 5, 0)][(4, 5, 1)]: 0.1156203924055391
Pu[(4, 5, 1)][(4, 6, 1)]: 0.8515108361447072
Pu[(4, 5, 1)][(4, 5, 2)]: 0.01832922602682436
Pu[(4, 5, 1)][(4, 5, 0)]: 0.13015993782846824
Pu[(4, 5, 2)][(4, 5, 3)]: 0.1346542742598589
Pu[(4, 5, 2)][(4, 5, 1)]: 0.8479179515686195
Pu[(4, 5, 2)][(3, 5, 2)]: 0.01742777417152169
Pu[(4, 5, 3)][(4, 5, 2)]: 0.12122468202807528
Pu[(4, 5, 3)][(4, 5, 0)]: 0.8608436086149263
Pu[(4, 5, 3)][(4, 4, 3)]: 0.017931709356998345
Pu[(4, 6, 0)][(5, 6, 0)]: 0.8726642822661841
Pu[(4, 6, 0)][(4, 6, 3)]: 0.01841629796328421
Pu[(4, 6, 0)][(4, 6, 1)]: 0.10891941977053177
Pu[(4, 6, 1)][(4, 7, 1)]: 0.8428009893061567
Pu[(4, 6, 1)][(4, 6, 2)]: 0.01910533090924722
Pu[(4, 6, 1)][(4, 6, 0)]: 0.13809367978459614
Pu[(4, 6, 2)][(4, 6, 3)]: 0.14207520861705175
Pu[(4, 6, 2)][(4, 6, 1)]: 0.8402747021794434
Pu[(4, 6, 2)][(3, 6, 2)]: 0.01765008920350497
Pu[(4, 6, 3)][(4, 6, 2)]: 0.11940531782544349
Pu[(4, 6, 3)][(4, 6, 0)]: 0.8630638120161417
Pu[(4, 6, 3)][(4, 5, 3)]: 0.017530870158414737
Pu[(4, 7, 0)][(5, 7, 0)]: 0.8803555171213687
Pu[(4, 7, 0)][(4, 7, 3)]: 0.018447423900002268
Pu[(4, 7, 0)][(4, 7, 1)]: 0.10119705897862903
Pu[(4, 7, 1)][(4, 8, 1)]: 0.832658773322088
Pu[(4, 7, 1)][(4, 7, 2)]: 0.01871827432013165
Pu[(4, 7, 1)][(4, 7, 0)]: 0.1486229523577802
Pu[(4, 7, 2)][(4, 7, 3)]: 0.15156435484456576
Pu[(4, 7, 2)][(4, 7, 1)]: 0.8314367924434966
Pu[(4, 7, 2)][(3, 7, 2)]: 0.01699885271193761
Pu[(4, 7, 3)][(4, 7, 2)]: 0.10987583596061855
Pu[(4, 7, 3)][(4, 7, 0)]: 0.8724132820130306
Pu[(4, 7, 3)][(4, 6, 3)]: 0.01771088202635078
Pu[(4, 8, 0)][(5, 8, 0)]: 0.8885336741966697
Pu[(4, 8, 0)][(4, 8, 3)]: 0.0181670003036398
Pu[(4, 8, 0)][(4, 8, 1)]: 0.0932993254996904
Pu[(4, 8, 1)][(4, 9, 1)]: 0.8187589109901895
Pu[(4, 8, 1)][(4, 8, 2)]: 0.02003721452505466
Pu[(4, 8, 1)][(4, 8, 0)]: 0.16120387448475593
Pu[(4, 8, 2)][(4, 8, 3)]: 0.16012729562691566
Pu[(4, 8, 2)][(4, 8, 1)]: 0.8223574848010292
Pu[(4, 8, 2)][(3, 8, 2)]: 0.017515219572055082
Pu[(4, 8, 3)][(4, 8, 2)]: 0.10858301786516993
Pu[(4, 8, 3)][(4, 8, 0)]: 0.8735746758226173
Pu[(4, 8, 3)][(4, 7, 3)]: 0.017842306312212695
Pu[(4, 9, 0)][(5, 9, 0)]: 0.8946501619370335
Pu[(4, 9, 0)][(4, 9, 3)]: 0.020951831105860963
Pu[(4, 9, 0)][(4, 9, 1)]: 0.08439800695710556
Pu[(4, 9, 1)][(4, 10, 1)]: 0.8008689984466675
Pu[(4, 9, 1)][(4, 9, 2)]: 0.020932265257193345
Pu[(4, 9, 1)][(4, 9, 0)]: 0.17819873629613917
Pu[(4, 9, 2)][(4, 9, 3)]: 0.1955215870913151
Pu[(4, 9, 2)][(4, 9, 1)]: 0.7875985723739938
Pu[(4, 9, 2)][(3, 9, 2)]: 0.01687984053469123
Pu[(4, 9, 3)][(4, 9, 2)]: 0.10326338855312223
Pu[(4, 9, 3)][(4, 9, 0)]: 0.8790928798066882
Pu[(4, 9, 3)][(4, 8, 3)]: 0.017643731640189647
Pu[(4, 10, 0)][(5, 10, 0)]: 0.9666252855505592
Pu[(4, 10, 0)][(4, 10, 3)]: 0.015646096447673594
Pu[(4, 10, 0)][(4, 10, 1)]: 0.01772861800176722
Pu[(4, 10, 1)][(4, 10, 2)]: 0.029171686077374828
Pu[(4, 10, 1)][(4, 10, 1)]: 0.12262775131207501
Pu[(4, 10, 1)][(4, 10, 0)]: 0.8482005626105501
Pu[(4, 10, 2)][(4, 10, 3)]: 0.46146297838667066
Pu[(4, 10, 2)][(4, 10, 1)]: 0.5228844710970377
Pu[(4, 10, 2)][(3, 10, 2)]: 0.015652550516291597
Pu[(4, 10, 3)][(4, 10, 2)]: 0.03307321162178034
Pu[(4, 10, 3)][(4, 10, 0)]: 0.9616419369975733
Pu[(4, 10, 3)][(4, 9, 3)]: 0.005284851380646413
Pu[(5, 1, 0)][(6, 1, 0)]: 0.8306709316512952
Pu[(5, 1, 0)][(5, 1, 3)]: 0.020119759332684357
Pu[(5, 1, 0)][(5, 1, 1)]: 0.14920930901602025
Pu[(5, 1, 1)][(5, 2, 1)]: 0.8817687310666747
Pu[(5, 1, 1)][(5, 1, 2)]: 0.0174367074931577
Pu[(5, 1, 1)][(5, 1, 0)]: 0.10079456144016755
Pu[(5, 1, 2)][(5, 1, 3)]: 0.11679379179000869
Pu[(5, 1, 2)][(5, 1, 1)]: 0.8661495737694335
Pu[(5, 1, 2)][(4, 1, 2)]: 0.017056634440557873
Pu[(5, 1, 3)][(5, 1, 3)]: 0.12271097624042945
Pu[(5, 1, 3)][(5, 1, 2)]: 0.12938228805511712
Pu[(5, 1, 3)][(5, 1, 0)]: 0.7479067357044533
Pu[(5, 2, 0)][(6, 2, 0)]: 0.8375733576829778
Pu[(5, 2, 0)][(5, 2, 3)]: 0.018986107259052386
Pu[(5, 2, 0)][(5, 2, 1)]: 0.14344053505796986
Pu[(5, 2, 1)][(5, 3, 1)]: 0.8775209927018224
Pu[(5, 2, 1)][(5, 2, 2)]: 0.01759274742235295
Pu[(5, 2, 1)][(5, 2, 0)]: 0.10488625987582473
Pu[(5, 2, 2)][(5, 2, 3)]: 0.1148965453974665
Pu[(5, 2, 2)][(5, 2, 1)]: 0.8680463943058695
Pu[(5, 2, 2)][(4, 2, 2)]: 0.017057060296663942
Pu[(5, 2, 3)][(5, 2, 2)]: 0.14099101195850786
Pu[(5, 2, 3)][(5, 2, 0)]: 0.8405747871788484
Pu[(5, 2, 3)][(5, 1, 3)]: 0.0184342008626438
Pu[(5, 3, 0)][(6, 3, 0)]: 0.8425436067068012
Pu[(5, 3, 0)][(5, 3, 3)]: 0.020743786405497792
Pu[(5, 3, 0)][(5, 3, 1)]: 0.136712606887701
Pu[(5, 3, 1)][(5, 4, 1)]: 0.8716926579526024
Pu[(5, 3, 1)][(5, 3, 2)]: 0.01827290976907297
Pu[(5, 3, 1)][(5, 3, 0)]: 0.11003443227832481
Pu[(5, 3, 2)][(5, 3, 3)]: 0.12944587135229907
Pu[(5, 3, 2)][(5, 3, 1)]: 0.8531172746134967
Pu[(5, 3, 2)][(4, 3, 2)]: 0.01743685403420413
Pu[(5, 3, 3)][(5, 3, 2)]: 0.13994064243822987
Pu[(5, 3, 3)][(5, 3, 0)]: 0.8426840244905268
Pu[(5, 3, 3)][(5, 2, 3)]: 0.01737533307124332
Pu[(5, 4, 0)][(6, 4, 0)]: 0.8510023993634844
Pu[(5, 4, 0)][(5, 4, 3)]: 0.01887388721324315
Pu[(5, 4, 0)][(5, 4, 1)]: 0.13012371342327245
Pu[(5, 4, 1)][(5, 5, 1)]: 0.8664845794180495
Pu[(5, 4, 1)][(5, 4, 2)]: 0.017930268105529962
Pu[(5, 4, 1)][(5, 4, 0)]: 0.11558515247642068
Pu[(5, 4, 2)][(5, 4, 3)]: 0.12452879870557905
Pu[(5, 4, 2)][(5, 4, 1)]: 0.8585486144231729
Pu[(5, 4, 2)][(4, 4, 2)]: 0.01692258687124803
Pu[(5, 4, 3)][(5, 4, 2)]: 0.13171086063889323
Pu[(5, 4, 3)][(5, 4, 0)]: 0.8490570146606906
Pu[(5, 4, 3)][(5, 3, 3)]: 0.01923212470041614
Pu[(5, 5, 0)][(6, 5, 0)]: 0.8552695244409879
Pu[(5, 5, 0)][(5, 5, 3)]: 0.022218984219113527
Pu[(5, 5, 0)][(5, 5, 1)]: 0.1225114913398986
Pu[(5, 5, 1)][(5, 6, 1)]: 0.8579832765034274
Pu[(5, 5, 1)][(5, 5, 2)]: 0.01920264465540828
Pu[(5, 5, 1)][(5, 5, 0)]: 0.12281407884116428
Pu[(5, 5, 2)][(5, 5, 3)]: 0.15096637838434074
Pu[(5, 5, 2)][(5, 5, 1)]: 0.8324015164536139
Pu[(5, 5, 2)][(4, 5, 2)]: 0.016632105162045458
Pu[(5, 5, 3)][(5, 5, 2)]: 0.13285852766845474
Pu[(5, 5, 3)][(5, 5, 0)]: 0.8497213787268137
Pu[(5, 5, 3)][(5, 4, 3)]: 0.017420093604731613
Pu[(5, 6, 0)][(6, 6, 0)]: 0.866257077144403
Pu[(5, 6, 0)][(5, 6, 3)]: 0.018379679948930094
Pu[(5, 6, 0)][(5, 6, 1)]: 0.11536324290666689
Pu[(5, 6, 1)][(5, 7, 1)]: 0.8510253593808241
Pu[(5, 6, 1)][(5, 6, 2)]: 0.01859317983784955
Pu[(5, 6, 1)][(5, 6, 0)]: 0.13038146078132618
Pu[(5, 6, 2)][(5, 6, 3)]: 0.1350180212879593
Pu[(5, 6, 2)][(5, 6, 1)]: 0.8474639835895008
Pu[(5, 6, 2)][(4, 6, 2)]: 0.01751799512253984
Pu[(5, 6, 3)][(5, 6, 2)]: 0.12219961868459303
Pu[(5, 6, 3)][(5, 6, 0)]: 0.8569037103908852
Pu[(5, 6, 3)][(5, 5, 3)]: 0.02089667092452179
Pu[(5, 7, 0)][(6, 7, 0)]: 0.8739556187163687
Pu[(5, 7, 0)][(5, 7, 3)]: 0.018767582040536523
Pu[(5, 7, 0)][(5, 7, 1)]: 0.10727679924309468
Pu[(5, 7, 1)][(5, 8, 1)]: 0.8400166206096068
Pu[(5, 7, 1)][(5, 7, 2)]: 0.01977624422291468
Pu[(5, 7, 1)][(5, 7, 0)]: 0.14020713516747849
Pu[(5, 7, 2)][(5, 7, 3)]: 0.1463973882039884
Pu[(5, 7, 2)][(5, 7, 1)]: 0.8368176140192691
Pu[(5, 7, 2)][(4, 7, 2)]: 0.01678499777674257
Pu[(5, 7, 3)][(5, 7, 2)]: 0.12147624146926142
Pu[(5, 7, 3)][(5, 7, 0)]: 0.8612270163807568
Pu[(5, 7, 3)][(5, 6, 3)]: 0.0172967421499819
Pu[(5, 8, 0)][(6, 8, 0)]: 0.8834392966812795
Pu[(5, 8, 0)][(5, 8, 3)]: 0.017710915684453123
Pu[(5, 8, 0)][(5, 8, 1)]: 0.0988497876342674
Pu[(5, 8, 1)][(5, 9, 1)]: 0.8293234693434975
Pu[(5, 8, 1)][(5, 8, 2)]: 0.018519446236631966
Pu[(5, 8, 1)][(5, 8, 0)]: 0.15215708441987058
Pu[(5, 8, 2)][(5, 8, 3)]: 0.14925175400768032
Pu[(5, 8, 2)][(5, 8, 1)]: 0.8330175836505133
Pu[(5, 8, 2)][(4, 8, 2)]: 0.017730662341806425
Pu[(5, 8, 3)][(5, 8, 2)]: 0.10655046799474199
Pu[(5, 8, 3)][(5, 8, 0)]: 0.8754262058648435
Pu[(5, 8, 3)][(5, 7, 3)]: 0.018023326140414478
Pu[(5, 9, 0)][(6, 9, 0)]: 0.8916517722859265
Pu[(5, 9, 0)][(5, 9, 3)]: 0.018403731888154428
Pu[(5, 9, 0)][(5, 9, 1)]: 0.0899444958259191
Pu[(5, 9, 1)][(5, 10, 1)]: 0.8118600600039051
Pu[(5, 9, 1)][(5, 9, 2)]: 0.0209263844391351
Pu[(5, 9, 1)][(5, 9, 0)]: 0.16721355555695983
Pu[(5, 9, 2)][(5, 9, 3)]: 0.16681688021993069
Pu[(5, 9, 2)][(5, 9, 1)]: 0.8152835673666764
Pu[(5, 9, 2)][(4, 9, 2)]: 0.017899552413392923
Pu[(5, 9, 3)][(5, 9, 2)]: 0.10933924317372508
Pu[(5, 9, 3)][(5, 9, 0)]: 0.8736819141482458
Pu[(5, 9, 3)][(5, 8, 3)]: 0.016978842678029057
Pu[(5, 10, 0)][(6, 10, 0)]: 0.9666542359435283
Pu[(5, 10, 0)][(5, 10, 3)]: 0.015621373775249879
Pu[(5, 10, 0)][(5, 10, 1)]: 0.01772439028122193
Pu[(5, 10, 1)][(5, 10, 2)]: 0.028978455813061705
Pu[(5, 10, 1)][(5, 10, 1)]: 0.12262666087925064
Pu[(5, 10, 1)][(5, 10, 0)]: 0.8483948833076876
Pu[(5, 10, 2)][(5, 10, 3)]: 0.46106877340285946
Pu[(5, 10, 2)][(5, 10, 1)]: 0.5231398341690239
Pu[(5, 10, 2)][(4, 10, 2)]: 0.015791392428116616
Pu[(5, 10, 3)][(5, 10, 2)]: 0.032886578971805316
Pu[(5, 10, 3)][(5, 10, 0)]: 0.9628120114184228
Pu[(5, 10, 3)][(5, 9, 3)]: 0.004301409609771886
Pu[(6, 1, 0)][(7, 1, 0)]: 0.8205296167698148
Pu[(6, 1, 0)][(6, 1, 3)]: 0.020281456418567934
Pu[(6, 1, 0)][(6, 1, 1)]: 0.1591889268116172
Pu[(6, 1, 1)][(6, 2, 1)]: 0.8882254591153628
Pu[(6, 1, 1)][(6, 1, 2)]: 0.017301373968387834
Pu[(6, 1, 1)][(6, 1, 0)]: 0.09447316691624932
Pu[(6, 1, 2)][(6, 1, 3)]: 0.1110691796099758
Pu[(6, 1, 2)][(6, 1, 1)]: 0.8717807606642903
Pu[(6, 1, 2)][(5, 1, 2)]: 0.01715005972573394
Pu[(6, 1, 3)][(6, 1, 3)]: 0.12264604030290974
Pu[(6, 1, 3)][(6, 1, 2)]: 0.13580399292386236
Pu[(6, 1, 3)][(6, 1, 0)]: 0.7415499667732279
Pu[(6, 2, 0)][(7, 2, 0)]: 0.8276100587325267
Pu[(6, 2, 0)][(6, 2, 3)]: 0.01946108784665628
Pu[(6, 2, 0)][(6, 2, 1)]: 0.15292885342081702
Pu[(6, 2, 1)][(6, 3, 1)]: 0.8824134369395366
Pu[(6, 2, 1)][(6, 2, 2)]: 0.01921390774559224
Pu[(6, 2, 1)][(6, 2, 0)]: 0.09837265531487115
Pu[(6, 2, 2)][(6, 2, 3)]: 0.11095058986362058
Pu[(6, 2, 2)][(6, 2, 1)]: 0.8718704025130901
Pu[(6, 2, 2)][(5, 2, 2)]: 0.01717900762328931
Pu[(6, 2, 3)][(6, 2, 2)]: 0.16045805534131702
Pu[(6, 2, 3)][(6, 2, 0)]: 0.82152392837459
Pu[(6, 2, 3)][(6, 1, 3)]: 0.018018016284092993
Pu[(6, 3, 0)][(7, 3, 0)]: 0.8358145124435372
Pu[(6, 3, 0)][(6, 3, 3)]: 0.018495115933621607
Pu[(6, 3, 0)][(6, 3, 1)]: 0.14569037162284124
Pu[(6, 3, 1)][(6, 4, 1)]: 0.8792647842662905
Pu[(6, 3, 1)][(6, 3, 2)]: 0.017479134177973664
Pu[(6, 3, 1)][(6, 3, 0)]: 0.10325608155573593
Pu[(6, 3, 2)][(6, 3, 3)]: 0.11064934270785214
Pu[(6, 3, 2)][(6, 3, 1)]: 0.8716108575251015
Pu[(6, 3, 2)][(5, 3, 2)]: 0.017739799767046475
Pu[(6, 3, 3)][(6, 3, 2)]: 0.14221706939774945
Pu[(6, 3, 3)][(6, 3, 0)]: 0.8401318490281287
Pu[(6, 3, 3)][(6, 2, 3)]: 0.017651081574121884
Pu[(6, 4, 0)][(7, 4, 0)]: 0.8416438509747811
Pu[(6, 4, 0)][(6, 4, 3)]: 0.019895337763773748
Pu[(6, 4, 0)][(6, 4, 1)]: 0.13846081126144505
Pu[(6, 4, 1)][(6, 5, 1)]: 0.872565061135015
Pu[(6, 4, 1)][(6, 4, 2)]: 0.018804508379444616
Pu[(6, 4, 1)][(6, 4, 0)]: 0.10863043048554037
Pu[(6, 4, 2)][(6, 4, 3)]: 0.12349850383434557
Pu[(6, 4, 2)][(6, 4, 1)]: 0.8594829217533575
Pu[(6, 4, 2)][(5, 4, 2)]: 0.01701857441229701
Pu[(6, 4, 3)][(6, 4, 2)]: 0.14508896104461494
Pu[(6, 4, 3)][(6, 4, 0)]: 0.8381541266032192
Pu[(6, 4, 3)][(6, 3, 3)]: 0.01675691235216597
Pu[(6, 5, 0)][(7, 5, 0)]: 0.85074217110775
Pu[(6, 5, 0)][(6, 5, 3)]: 0.018645305166872534
Pu[(6, 5, 0)][(6, 5, 1)]: 0.13061252372537757
Pu[(6, 5, 1)][(6, 6, 1)]: 0.8667239982413524
Pu[(6, 5, 1)][(6, 5, 2)]: 0.01813399035864078
Pu[(6, 5, 1)][(6, 5, 0)]: 0.11514201140000686
Pu[(6, 5, 2)][(6, 5, 3)]: 0.1226597787022282
Pu[(6, 5, 2)][(6, 5, 1)]: 0.8592459663443313
Pu[(6, 5, 2)][(5, 5, 2)]: 0.01809425495344047
Pu[(6, 5, 3)][(6, 5, 2)]: 0.1335810714151329
Pu[(6, 5, 3)][(6, 5, 0)]: 0.8481747780558112
Pu[(6, 5, 3)][(6, 4, 3)]: 0.018244150529055952
Pu[(6, 6, 0)][(7, 6, 0)]: 0.859326245372428
Pu[(6, 6, 0)][(6, 6, 3)]: 0.01799584424209505
Pu[(6, 6, 0)][(6, 6, 1)]: 0.12267791038547694
Pu[(6, 6, 1)][(6, 7, 1)]: 0.8593174694614518
Pu[(6, 6, 1)][(6, 6, 2)]: 0.018098058009531338
Pu[(6, 6, 1)][(6, 6, 0)]: 0.12258447252901691
Pu[(6, 6, 2)][(6, 6, 3)]: 0.12571349988918354
Pu[(6, 6, 2)][(6, 6, 1)]: 0.8569906066187694
Pu[(6, 6, 2)][(5, 6, 2)]: 0.017295893492047174
Pu[(6, 6, 3)][(6, 6, 2)]: 0.12641894552609878
Pu[(6, 6, 3)][(6, 6, 0)]: 0.8562797039787281
Pu[(6, 6, 3)][(6, 5, 3)]: 0.017301350495173073
Pu[(6, 7, 0)][(7, 7, 0)]: 0.8676902698405535
Pu[(6, 7, 0)][(6, 7, 3)]: 0.018120208524418334
Pu[(6, 7, 0)][(6, 7, 1)]: 0.11418952163502809
Pu[(6, 7, 1)][(6, 8, 1)]: 0.8494686704933957
Pu[(6, 7, 1)][(6, 7, 2)]: 0.018835174281226476
Pu[(6, 7, 1)][(6, 7, 0)]: 0.13169615522537778
Pu[(6, 7, 2)][(6, 7, 3)]: 0.13448571929962497
Pu[(6, 7, 2)][(6, 7, 1)]: 0.8474990744655242
Pu[(6, 7, 2)][(5, 7, 2)]: 0.018015206234850794
Pu[(6, 7, 3)][(6, 7, 2)]: 0.12302658265948115
Pu[(6, 7, 3)][(6, 7, 0)]: 0.8602058937633454
Pu[(6, 7, 3)][(6, 6, 3)]: 0.0167675235771733
Pu[(6, 8, 0)][(7, 8, 0)]: 0.876744709886171
Pu[(6, 8, 0)][(6, 8, 3)]: 0.017985984445402062
Pu[(6, 8, 0)][(6, 8, 1)]: 0.10526930566842677
Pu[(6, 8, 1)][(6, 9, 1)]: 0.8390082842738658
Pu[(6, 8, 1)][(6, 8, 2)]: 0.01814184110548535
Pu[(6, 8, 1)][(6, 8, 0)]: 0.1428498746206489
Pu[(6, 8, 2)][(6, 8, 3)]: 0.14351223988737588
Pu[(6, 8, 2)][(6, 8, 1)]: 0.8399559053175332
Pu[(6, 8, 2)][(5, 8, 2)]: 0.016531854795090974
Pu[(6, 8, 3)][(6, 8, 2)]: 0.11075547919562005
Pu[(6, 8, 3)][(6, 8, 0)]: 0.8720948565611936
Pu[(6, 8, 3)][(6, 7, 3)]: 0.0171496642431864
Pu[(6, 9, 0)][(7, 9, 0)]: 0.8860016159708951
Pu[(6, 9, 0)][(6, 9, 3)]: 0.0179717445767025
Pu[(6, 9, 0)][(6, 9, 1)]: 0.09602663945240239
Pu[(6, 9, 1)][(6, 10, 1)]: 0.8245287855441347
Pu[(6, 9, 1)][(6, 9, 2)]: 0.018871459858368494
Pu[(6, 9, 1)][(6, 9, 0)]: 0.15659975459749692
Pu[(6, 9, 2)][(6, 9, 3)]: 0.15478320550548597
Pu[(6, 9, 2)][(6, 9, 1)]: 0.8270377427704106
Pu[(6, 9, 2)][(5, 9, 2)]: 0.018179051724103428
Pu[(6, 9, 3)][(6, 9, 2)]: 0.10570264268916678
Pu[(6, 9, 3)][(6, 9, 0)]: 0.8771450661295839
Pu[(6, 9, 3)][(6, 8, 3)]: 0.017152291181249262
Pu[(6, 10, 0)][(7, 10, 0)]: 0.966653875803987
Pu[(6, 10, 0)][(6, 10, 3)]: 0.015617664742041274
Pu[(6, 10, 0)][(6, 10, 1)]: 0.017728459453971862
Pu[(6, 10, 1)][(6, 10, 2)]: 0.02917485322502428
Pu[(6, 10, 1)][(6, 10, 1)]: 0.12262648822195002
Pu[(6, 10, 1)][(6, 10, 0)]: 0.8481986585530257
Pu[(6, 10, 2)][(6, 10, 3)]: 0.4610045007218179
Pu[(6, 10, 2)][(6, 10, 1)]: 0.5233112462162554
Pu[(6, 10, 2)][(5, 10, 2)]: 0.015684253061926775
Pu[(6, 10, 3)][(6, 10, 2)]: 0.03312362960522164
Pu[(6, 10, 3)][(6, 10, 0)]: 0.9630011839599545
Pu[(6, 10, 3)][(6, 9, 3)]: 0.003875186434823777
Pu[(7, 1, 0)][(8, 1, 0)]: 0.8083545572629678
Pu[(7, 1, 0)][(7, 1, 3)]: 0.02049500051164672
Pu[(7, 1, 0)][(7, 1, 1)]: 0.17115044222538556
Pu[(7, 1, 1)][(7, 2, 1)]: 0.8949504059697357
Pu[(7, 1, 1)][(7, 1, 2)]: 0.01718762984682434
Pu[(7, 1, 1)][(7, 1, 0)]: 0.08786196418344001
Pu[(7, 1, 2)][(7, 1, 3)]: 0.10510167560040556
Pu[(7, 1, 2)][(7, 1, 1)]: 0.8776871338654639
Pu[(7, 1, 2)][(6, 1, 2)]: 0.017211190534130547
Pu[(7, 1, 3)][(7, 1, 3)]: 0.12264367446197183
Pu[(7, 1, 3)][(7, 1, 2)]: 0.1435481584324177
Pu[(7, 1, 3)][(7, 1, 0)]: 0.7338081671056106
Pu[(7, 2, 0)][(8, 2, 0)]: 0.8162222866998826
Pu[(7, 2, 0)][(7, 2, 3)]: 0.01950347985414295
Pu[(7, 2, 0)][(7, 2, 1)]: 0.16427423344597455
Pu[(7, 2, 1)][(7, 3, 1)]: 0.8899510369988576
Pu[(7, 2, 1)][(7, 2, 2)]: 0.018503214617923522
Pu[(7, 2, 1)][(7, 2, 0)]: 0.09154574838321879
Pu[(7, 2, 2)][(7, 2, 3)]: 0.10411421468729586
Pu[(7, 2, 2)][(7, 2, 1)]: 0.8769349334832703
Pu[(7, 2, 2)][(6, 2, 2)]: 0.01895085182943384
Pu[(7, 2, 3)][(7, 2, 2)]: 0.1651171932594363
Pu[(7, 2, 3)][(7, 2, 0)]: 0.8169270767269519
Pu[(7, 2, 3)][(7, 1, 3)]: 0.017955730013611827
Pu[(7, 3, 0)][(8, 3, 0)]: 0.8222540594857559
Pu[(7, 3, 0)][(7, 3, 3)]: 0.021430958465019988
Pu[(7, 3, 0)][(7, 3, 1)]: 0.15631498204922403
Pu[(7, 3, 1)][(7, 4, 1)]: 0.8860833795628743
Pu[(7, 3, 1)][(7, 3, 2)]: 0.01770742423524942
Pu[(7, 3, 1)][(7, 3, 0)]: 0.09620919620187639
Pu[(7, 3, 2)][(7, 3, 3)]: 0.11853904965085013
Pu[(7, 3, 2)][(7, 3, 1)]: 0.8646103928832113
Pu[(7, 3, 2)][(6, 3, 2)]: 0.01685055746593868
Pu[(7, 3, 3)][(7, 3, 2)]: 0.15275191292156717
Pu[(7, 3, 3)][(7, 3, 0)]: 0.8299422075870307
Pu[(7, 3, 3)][(7, 2, 3)]: 0.017305879491401988
Pu[(7, 4, 0)][(8, 4, 0)]: 0.832527837576843
Pu[(7, 4, 0)][(7, 4, 3)]: 0.018776884432836555
Pu[(7, 4, 0)][(7, 4, 1)]: 0.14869527799032045
Pu[(7, 4, 1)][(7, 5, 1)]: 0.8813514234763022
Pu[(7, 4, 1)][(7, 4, 2)]: 0.017513062615076798
Pu[(7, 4, 1)][(7, 4, 0)]: 0.10113551390862104
Pu[(7, 4, 2)][(7, 4, 3)]: 0.11008606617379674
Pu[(7, 4, 2)][(7, 4, 1)]: 0.8717781840286201
Pu[(7, 4, 2)][(6, 4, 2)]: 0.01813574979758318
Pu[(7, 4, 3)][(7, 4, 2)]: 0.14476557499512724
Pu[(7, 4, 3)][(7, 4, 0)]: 0.8360011692532288
Pu[(7, 4, 3)][(7, 3, 3)]: 0.01923325575164395
Pu[(7, 5, 0)][(8, 5, 0)]: 0.8401562917142983
Pu[(7, 5, 0)][(7, 5, 3)]: 0.01966820476307421
Pu[(7, 5, 0)][(7, 5, 1)]: 0.14017550352262753
Pu[(7, 5, 1)][(7, 6, 1)]: 0.874982140609771
Pu[(7, 5, 1)][(7, 5, 2)]: 0.01773997951113438
Pu[(7, 5, 1)][(7, 5, 0)]: 0.10727787987909464
Pu[(7, 5, 2)][(7, 5, 3)]: 0.12094005165130962
Pu[(7, 5, 2)][(7, 5, 1)]: 0.8619410281970808
Pu[(7, 5, 2)][(6, 5, 2)]: 0.017118920151609592
Pu[(7, 5, 3)][(7, 5, 2)]: 0.1394954973422863
Pu[(7, 5, 3)][(7, 5, 0)]: 0.8435624854114296
Pu[(7, 5, 3)][(7, 4, 3)]: 0.01694201724628419
Pu[(7, 6, 0)][(8, 6, 0)]: 0.8501459297048489
Pu[(7, 6, 0)][(7, 6, 3)]: 0.018260990629108007
Pu[(7, 6, 0)][(7, 6, 1)]: 0.13159307966604308
Pu[(7, 6, 1)][(7, 7, 1)]: 0.8679466224903813
Pu[(7, 6, 1)][(7, 6, 2)]: 0.017776797333967805
Pu[(7, 6, 1)][(7, 6, 0)]: 0.11427658017565084
Pu[(7, 6, 2)][(7, 6, 3)]: 0.11979305762036355
Pu[(7, 6, 2)][(7, 6, 1)]: 0.8632575140664978
Pu[(7, 6, 2)][(6, 6, 2)]: 0.01694942831313864
Pu[(7, 6, 3)][(7, 6, 2)]: 0.13220410388357054
Pu[(7, 6, 3)][(7, 6, 0)]: 0.8498624692161484
Pu[(7, 6, 3)][(7, 5, 3)]: 0.01793342690028119
Pu[(7, 7, 0)][(8, 7, 0)]: 0.8593661466033917
Pu[(7, 7, 0)][(7, 7, 3)]: 0.018110605749293008
Pu[(7, 7, 0)][(7, 7, 1)]: 0.12252324764731523
Pu[(7, 7, 1)][(7, 8, 1)]: 0.8591379183216609
Pu[(7, 7, 1)][(7, 7, 2)]: 0.018130417699455885
Pu[(7, 7, 1)][(7, 7, 0)]: 0.12273166397888312
Pu[(7, 7, 2)][(7, 7, 3)]: 0.12654797360108117
Pu[(7, 7, 2)][(7, 7, 1)]: 0.8561319772198376
Pu[(7, 7, 2)][(6, 7, 2)]: 0.01732004917908114
Pu[(7, 7, 3)][(7, 7, 2)]: 0.1265504747183596
Pu[(7, 7, 3)][(7, 7, 0)]: 0.8566680920962996
Pu[(7, 7, 3)][(7, 6, 3)]: 0.0167814331853407
Pu[(7, 8, 0)][(8, 8, 0)]: 0.8684050614798681
Pu[(7, 8, 0)][(7, 8, 3)]: 0.018536094436680514
Pu[(7, 8, 0)][(7, 8, 1)]: 0.11305884408345143
Pu[(7, 8, 1)][(7, 9, 1)]: 0.8489570144810177
Pu[(7, 8, 1)][(7, 8, 2)]: 0.018038195998738835
Pu[(7, 8, 1)][(7, 8, 0)]: 0.1330047895202434
Pu[(7, 8, 2)][(7, 8, 3)]: 0.13856360608370605
Pu[(7, 8, 2)][(7, 8, 1)]: 0.8451532867062788
Pu[(7, 8, 2)][(6, 8, 2)]: 0.016283107210015184
Pu[(7, 8, 3)][(7, 8, 2)]: 0.11741312406360427
Pu[(7, 8, 3)][(7, 8, 0)]: 0.8657466552689503
Pu[(7, 8, 3)][(7, 7, 3)]: 0.01684022066744537
Pu[(7, 9, 0)][(8, 9, 0)]: 0.8792699849265662
Pu[(7, 9, 0)][(7, 9, 3)]: 0.01746303749707415
Pu[(7, 9, 0)][(7, 9, 1)]: 0.10326697757635953
Pu[(7, 9, 1)][(7, 10, 1)]: 0.8361037216060002
Pu[(7, 9, 1)][(7, 9, 2)]: 0.0182778443820867
Pu[(7, 9, 1)][(7, 9, 0)]: 0.1456184340119132
Pu[(7, 9, 2)][(7, 9, 3)]: 0.1422356787118549
Pu[(7, 9, 2)][(7, 9, 1)]: 0.8411050280660708
Pu[(7, 9, 2)][(6, 9, 2)]: 0.016659293222074295
Pu[(7, 9, 3)][(7, 9, 2)]: 0.10957920245917788
Pu[(7, 9, 3)][(7, 9, 0)]: 0.873010598449912
Pu[(7, 9, 3)][(7, 8, 3)]: 0.017410199090910065
Pu[(7, 10, 0)][(8, 10, 0)]: 0.9666794398078117
Pu[(7, 10, 0)][(7, 10, 3)]: 0.01560106164732178
Pu[(7, 10, 0)][(7, 10, 1)]: 0.017719498544866562
Pu[(7, 10, 1)][(7, 10, 2)]: 0.02874589026853596
Pu[(7, 10, 1)][(7, 10, 1)]: 0.1226264933982902
Pu[(7, 10, 1)][(7, 10, 0)]: 0.8486276163331739
Pu[(7, 10, 2)][(7, 10, 3)]: 0.46081147082663637
Pu[(7, 10, 2)][(7, 10, 1)]: 0.5233841370130179
Pu[(7, 10, 2)][(6, 10, 2)]: 0.01580439216034574
Pu[(7, 10, 3)][(7, 10, 2)]: 0.032650391461700255
Pu[(7, 10, 3)][(7, 10, 0)]: 0.9638951383883815
Pu[(7, 10, 3)][(7, 9, 3)]: 0.003454470149918287
Pu[(8, 1, 0)][(9, 1, 0)]: 0.7928761682834718
Pu[(8, 1, 0)][(8, 1, 3)]: 0.020777310924515097
Pu[(8, 1, 0)][(8, 1, 1)]: 0.18634652079201308
Pu[(8, 1, 1)][(8, 2, 1)]: 0.9022307832303382
Pu[(8, 1, 1)][(8, 1, 2)]: 0.017067907213079346
Pu[(8, 1, 1)][(8, 1, 0)]: 0.0807013095565824
Pu[(8, 1, 2)][(8, 1, 3)]: 0.09858146756641815
Pu[(8, 1, 2)][(8, 1, 1)]: 0.8841526009940784
Pu[(8, 1, 2)][(7, 1, 2)]: 0.017265931439503442
Pu[(8, 1, 3)][(8, 1, 3)]: 0.12269647889401038
Pu[(8, 1, 3)][(8, 1, 2)]: 0.1531538820774439
Pu[(8, 1, 3)][(8, 1, 0)]: 0.7241496390285458
Pu[(8, 2, 0)][(9, 2, 0)]: 0.8020408944920088
Pu[(8, 2, 0)][(8, 2, 3)]: 0.019383654517542096
Pu[(8, 2, 0)][(8, 2, 1)]: 0.17857545099044905
Pu[(8, 2, 1)][(8, 3, 1)]: 0.898542169384348
Pu[(8, 2, 1)][(8, 2, 2)]: 0.01723925614730248
Pu[(8, 2, 1)][(8, 2, 0)]: 0.08421857446834936
Pu[(8, 2, 2)][(8, 2, 3)]: 0.09610941869254022
Pu[(8, 2, 2)][(8, 2, 1)]: 0.8854255409844436
Pu[(8, 2, 2)][(7, 2, 2)]: 0.018465040323016095
Pu[(8, 2, 3)][(8, 2, 2)]: 0.1668587687384193
Pu[(8, 2, 3)][(8, 2, 0)]: 0.815151623748716
Pu[(8, 2, 3)][(8, 1, 3)]: 0.017989607512864783
Pu[(8, 3, 0)][(9, 3, 0)]: 0.8112892909487572
Pu[(8, 3, 0)][(8, 3, 3)]: 0.018415508850809746
Pu[(8, 3, 0)][(8, 3, 1)]: 0.1702952002004329
Pu[(8, 3, 1)][(8, 4, 1)]: 0.8944473401004848
Pu[(8, 3, 1)][(8, 3, 2)]: 0.017241540663461185
Pu[(8, 3, 1)][(8, 3, 0)]: 0.08831111923605396
Pu[(8, 3, 2)][(8, 3, 3)]: 0.09587559338601706
Pu[(8, 3, 2)][(8, 3, 1)]: 0.8865980029267101
Pu[(8, 3, 2)][(7, 3, 2)]: 0.017526403687272738
Pu[(8, 3, 3)][(8, 3, 2)]: 0.1605814255001693
Pu[(8, 3, 3)][(8, 3, 0)]: 0.8224975767098385
Pu[(8, 3, 3)][(8, 2, 3)]: 0.016920997789992197
Pu[(8, 4, 0)][(9, 4, 0)]: 0.8199039033395877
Pu[(8, 4, 0)][(8, 4, 3)]: 0.01860200826582988
Pu[(8, 4, 0)][(8, 4, 1)]: 0.16149408839458224
Pu[(8, 4, 1)][(8, 5, 1)]: 0.8896360325149565
Pu[(8, 4, 1)][(8, 4, 2)]: 0.017245246007952162
Pu[(8, 4, 1)][(8, 4, 0)]: 0.09311872147709134
Pu[(8, 4, 2)][(8, 4, 3)]: 0.1015259982671167
Pu[(8, 4, 2)][(8, 4, 1)]: 0.881402067142157
Pu[(8, 4, 2)][(7, 4, 2)]: 0.01707193459072625
Pu[(8, 4, 3)][(8, 4, 2)]: 0.15372543556666515
Pu[(8, 4, 3)][(8, 4, 0)]: 0.8300673711396181
Pu[(8, 4, 3)][(8, 3, 3)]: 0.01620719329371673
Pu[(8, 5, 0)][(9, 5, 0)]: 0.8286517323858859
Pu[(8, 5, 0)][(8, 5, 3)]: 0.01907534219950677
Pu[(8, 5, 0)][(8, 5, 1)]: 0.15227292541460732
Pu[(8, 5, 1)][(8, 6, 1)]: 0.8838388732410231
Pu[(8, 5, 1)][(8, 5, 2)]: 0.017404418542945253
Pu[(8, 5, 1)][(8, 5, 0)]: 0.09875670821603169
Pu[(8, 5, 2)][(8, 5, 3)]: 0.10943462845521841
Pu[(8, 5, 2)][(8, 5, 1)]: 0.8735849056992336
Pu[(8, 5, 2)][(7, 5, 2)]: 0.016980465845547847
Pu[(8, 5, 3)][(8, 5, 2)]: 0.14735992912093354
Pu[(8, 5, 3)][(8, 5, 0)]: 0.8361544217649262
Pu[(8, 5, 3)][(8, 4, 3)]: 0.016485649114140334
Pu[(8, 6, 0)][(9, 6, 0)]: 0.8380435773391491
Pu[(8, 6, 0)][(8, 6, 3)]: 0.019256225034696036
Pu[(8, 6, 0)][(8, 6, 1)]: 0.1427001976261549
Pu[(8, 6, 1)][(8, 7, 1)]: 0.8764653616461772
Pu[(8, 6, 1)][(8, 6, 2)]: 0.018151630848195294
Pu[(8, 6, 1)][(8, 6, 0)]: 0.10538300750562753
Pu[(8, 6, 2)][(8, 6, 3)]: 0.11691118987245507
Pu[(8, 6, 2)][(8, 6, 1)]: 0.866382163141957
Pu[(8, 6, 2)][(7, 6, 2)]: 0.016706646985587808
Pu[(8, 6, 3)][(8, 6, 2)]: 0.14444338378458393
Pu[(8, 6, 3)][(8, 6, 0)]: 0.8385956239861756
Pu[(8, 6, 3)][(8, 5, 3)]: 0.016960992229240558
Pu[(8, 7, 0)][(9, 7, 0)]: 0.848042023370854
Pu[(8, 7, 0)][(8, 7, 3)]: 0.019234086258238154
Pu[(8, 7, 0)][(8, 7, 1)]: 0.13272389037090776
Pu[(8, 7, 1)][(8, 8, 1)]: 0.8690270814698146
Pu[(8, 7, 1)][(8, 7, 2)]: 0.017672191589025613
Pu[(8, 7, 1)][(8, 7, 0)]: 0.11330072694115986
Pu[(8, 7, 2)][(8, 7, 3)]: 0.12445789583487485
Pu[(8, 7, 2)][(8, 7, 1)]: 0.8588157451725439
Pu[(8, 7, 2)][(7, 7, 2)]: 0.01672635899258132
Pu[(8, 7, 3)][(8, 7, 2)]: 0.13258633622641722
Pu[(8, 7, 3)][(8, 7, 0)]: 0.8500433124687724
Pu[(8, 7, 3)][(8, 6, 3)]: 0.01737035130481048
Pu[(8, 8, 0)][(9, 8, 0)]: 0.8597208600477293
Pu[(8, 8, 0)][(8, 8, 3)]: 0.017690224681756874
Pu[(8, 8, 0)][(8, 8, 1)]: 0.12258891527051372
Pu[(8, 8, 1)][(8, 9, 1)]: 0.8595802445458384
Pu[(8, 8, 1)][(8, 8, 2)]: 0.017754278527214867
Pu[(8, 8, 1)][(8, 8, 0)]: 0.12266547692694689
Pu[(8, 8, 2)][(8, 8, 3)]: 0.12403090783020433
Pu[(8, 8, 2)][(8, 8, 1)]: 0.8595037499213816
Pu[(8, 8, 2)][(7, 8, 2)]: 0.016465342248414176
Pu[(8, 8, 3)][(8, 8, 2)]: 0.12421883610448836
Pu[(8, 8, 3)][(8, 8, 0)]: 0.8582361007072483
Pu[(8, 8, 3)][(8, 7, 3)]: 0.01754506318826336
Pu[(8, 9, 0)][(9, 9, 0)]: 0.8703156489938016
Pu[(8, 9, 0)][(8, 9, 3)]: 0.01771272394051642
Pu[(8, 9, 0)][(8, 9, 1)]: 0.11197162706568185
Pu[(8, 9, 1)][(8, 10, 1)]: 0.8477445310829304
Pu[(8, 9, 1)][(8, 9, 2)]: 0.017959311204383155
Pu[(8, 9, 1)][(8, 9, 0)]: 0.13429615771268658
Pu[(8, 9, 2)][(8, 9, 3)]: 0.13435930729438056
Pu[(8, 9, 2)][(8, 9, 1)]: 0.8493572360576801
Pu[(8, 9, 2)][(7, 9, 2)]: 0.01628345664793931
Pu[(8, 9, 3)][(8, 9, 2)]: 0.11603126284917048
Pu[(8, 9, 3)][(8, 9, 0)]: 0.8676587090595826
Pu[(8, 9, 3)][(8, 8, 3)]: 0.016310028091246674
Pu[(8, 10, 0)][(9, 10, 0)]: 0.9666845775460644
Pu[(8, 10, 0)][(8, 10, 3)]: 0.01559632545308176
Pu[(8, 10, 0)][(8, 10, 1)]: 0.0177190970008538
Pu[(8, 10, 1)][(8, 10, 2)]: 0.028726784218158784
Pu[(8, 10, 1)][(8, 10, 1)]: 0.12262648132014511
Pu[(8, 10, 1)][(8, 10, 0)]: 0.848646734461696
Pu[(8, 10, 2)][(8, 10, 3)]: 0.4608524213590876
Pu[(8, 10, 2)][(8, 10, 1)]: 0.523577735134174
Pu[(8, 10, 2)][(7, 10, 2)]: 0.015569843506738406
Pu[(8, 10, 3)][(8, 10, 2)]: 0.03263741638196696
Pu[(8, 10, 3)][(8, 10, 0)]: 0.964174640066906
Pu[(8, 10, 3)][(8, 9, 3)]: 0.0031879435511269964
Pu[(9, 1, 0)][(10, 1, 0)]: 0.7721027874467651
Pu[(9, 1, 0)][(9, 1, 3)]: 0.021147284095417086
Pu[(9, 1, 0)][(9, 1, 1)]: 0.2067499284578179
Pu[(9, 1, 1)][(9, 2, 1)]: 0.910288356965788
Pu[(9, 1, 1)][(9, 1, 2)]: 0.01697564933465409
Pu[(9, 1, 1)][(9, 1, 0)]: 0.07273599369955797
Pu[(9, 1, 2)][(9, 1, 3)]: 0.09118812156652294
Pu[(9, 1, 2)][(9, 1, 1)]: 0.891515786377843
Pu[(9, 1, 2)][(8, 1, 2)]: 0.0172960920556341
Pu[(9, 1, 3)][(9, 1, 3)]: 0.12266884684336168
Pu[(9, 1, 3)][(9, 1, 2)]: 0.16601263228090873
Pu[(9, 1, 3)][(9, 1, 0)]: 0.7113185208757296
Pu[(9, 2, 0)][(10, 2, 0)]: 0.781050196108066
Pu[(9, 2, 0)][(9, 2, 3)]: 0.021330484221261218
Pu[(9, 2, 0)][(9, 2, 1)]: 0.19761931967067264
Pu[(9, 2, 1)][(9, 3, 1)]: 0.9059282495546465
Pu[(9, 2, 1)][(9, 2, 2)]: 0.01796927047169211
Pu[(9, 2, 1)][(9, 2, 0)]: 0.07610247997366151
Pu[(9, 2, 2)][(9, 2, 3)]: 0.0957434772211418
Pu[(9, 2, 2)][(9, 2, 1)]: 0.887029128597431
Pu[(9, 2, 2)][(8, 2, 2)]: 0.017227394181427196
Pu[(9, 2, 3)][(9, 2, 2)]: 0.18764566749136072
Pu[(9, 2, 3)][(9, 2, 0)]: 0.7947067564541419
Pu[(9, 2, 3)][(9, 1, 3)]: 0.017647576054497172
Pu[(9, 3, 0)][(10, 3, 0)]: 0.7919454168034913
Pu[(9, 3, 0)][(9, 3, 3)]: 0.020216788243425366
Pu[(9, 3, 0)][(9, 3, 1)]: 0.18783779495308342
Pu[(9, 3, 1)][(9, 4, 1)]: 0.901918578260353
Pu[(9, 3, 1)][(9, 3, 2)]: 0.018008031264184557
Pu[(9, 3, 1)][(9, 3, 0)]: 0.08007339047546239
Pu[(9, 3, 2)][(9, 3, 3)]: 0.09550923481284944
Pu[(9, 3, 2)][(9, 3, 1)]: 0.8873933806343446
Pu[(9, 3, 2)][(8, 3, 2)]: 0.017097384552806082
Pu[(9, 3, 3)][(9, 3, 2)]: 0.1803081973424843
Pu[(9, 3, 3)][(9, 3, 0)]: 0.8017472026743092
Pu[(9, 3, 3)][(9, 2, 3)]: 0.017944599983206404
Pu[(9, 4, 0)][(10, 4, 0)]: 0.8028843951948553
Pu[(9, 4, 0)][(9, 4, 3)]: 0.019416407000154755
Pu[(9, 4, 0)][(9, 4, 1)]: 0.17769919780499002
Pu[(9, 4, 1)][(9, 5, 1)]: 0.8979648028527785
Pu[(9, 4, 1)][(9, 4, 2)]: 0.017411784830428885
Pu[(9, 4, 1)][(9, 4, 0)]: 0.0846234123167927
Pu[(9, 4, 2)][(9, 4, 3)]: 0.09683401105466437
Pu[(9, 4, 2)][(9, 4, 1)]: 0.88622607079241
Pu[(9, 4, 2)][(8, 4, 2)]: 0.016939918152925622
Pu[(9, 4, 3)][(9, 4, 2)]: 0.16769509539774913
Pu[(9, 4, 3)][(9, 4, 0)]: 0.8150187553746642
Pu[(9, 4, 3)][(9, 3, 3)]: 0.01728614922758674
Pu[(9, 5, 0)][(10, 5, 0)]: 0.8137972741180008
Pu[(9, 5, 0)][(9, 5, 3)]: 0.018862520787864042
Pu[(9, 5, 0)][(9, 5, 1)]: 0.16734020509413516
Pu[(9, 5, 1)][(9, 6, 1)]: 0.8929427532618013
Pu[(9, 5, 1)][(9, 5, 2)]: 0.017195254236401
Pu[(9, 5, 1)][(9, 5, 0)]: 0.08986199250179763
Pu[(9, 5, 2)][(9, 5, 3)]: 0.09959045099343153
Pu[(9, 5, 2)][(9, 5, 1)]: 0.8835238238878791
Pu[(9, 5, 2)][(8, 5, 2)]: 0.01688572511868946
Pu[(9, 5, 3)][(9, 5, 2)]: 0.15791829183258738
Pu[(9, 5, 3)][(9, 5, 0)]: 0.8252772632181117
Pu[(9, 5, 3)][(9, 4, 3)]: 0.01680444494930105
Pu[(9, 6, 0)][(10, 6, 0)]: 0.824746318482507
Pu[(9, 6, 0)][(9, 6, 3)]: 0.018588186414626885
Pu[(9, 6, 0)][(9, 6, 1)]: 0.156665495102866
Pu[(9, 6, 1)][(9, 7, 1)]: 0.8867962028958832
Pu[(9, 6, 1)][(9, 6, 2)]: 0.017217672978987967
Pu[(9, 6, 1)][(9, 6, 0)]: 0.09598612412512876
Pu[(9, 6, 2)][(9, 6, 3)]: 0.10422629895839117
Pu[(9, 6, 2)][(9, 6, 1)]: 0.8784431339792673
Pu[(9, 6, 2)][(8, 6, 2)]: 0.017330567062341463
Pu[(9, 6, 3)][(9, 6, 2)]: 0.14958617241832625
Pu[(9, 6, 3)][(9, 6, 0)]: 0.833922036425641
Pu[(9, 6, 3)][(9, 5, 3)]: 0.01649179115603267
Pu[(9, 7, 0)][(10, 7, 0)]: 0.8360837095159808
Pu[(9, 7, 0)][(9, 7, 3)]: 0.01822427028205227
Pu[(9, 7, 0)][(9, 7, 1)]: 0.14569202020196698
Pu[(9, 7, 1)][(9, 8, 1)]: 0.878748501660059
Pu[(9, 7, 1)][(9, 7, 2)]: 0.018038327135809166
Pu[(9, 7, 1)][(9, 7, 0)]: 0.10321317120413175
Pu[(9, 7, 2)][(9, 7, 3)]: 0.1093355271022687
Pu[(9, 7, 2)][(9, 7, 1)]: 0.8740714210688609
Pu[(9, 7, 2)][(8, 7, 2)]: 0.016593051828870338
Pu[(9, 7, 3)][(9, 7, 2)]: 0.14633965459888917
Pu[(9, 7, 3)][(9, 7, 0)]: 0.8373381694627476
Pu[(9, 7, 3)][(9, 6, 3)]: 0.016322175938363246
Pu[(9, 8, 0)][(10, 8, 0)]: 0.847356492496692
Pu[(9, 8, 0)][(9, 8, 3)]: 0.018417867514943856
Pu[(9, 8, 0)][(9, 8, 1)]: 0.13422563998836418
Pu[(9, 8, 1)][(9, 9, 1)]: 0.8703817956164476
Pu[(9, 8, 1)][(9, 8, 2)]: 0.017588359583638226
Pu[(9, 8, 1)][(9, 8, 0)]: 0.11202984479991425
Pu[(9, 8, 2)][(9, 8, 3)]: 0.11869087416199839
Pu[(9, 8, 2)][(9, 8, 1)]: 0.864994741234091
Pu[(9, 8, 2)][(8, 8, 2)]: 0.01631438460391064
Pu[(9, 8, 3)][(9, 8, 2)]: 0.13348914432852965
Pu[(9, 8, 3)][(9, 8, 0)]: 0.8502650887073275
Pu[(9, 8, 3)][(9, 7, 3)]: 0.016245766964142747
Pu[(9, 9, 0)][(10, 9, 0)]: 0.8597943566097225
Pu[(9, 9, 0)][(9, 9, 3)]: 0.01757455825334798
Pu[(9, 9, 0)][(9, 9, 1)]: 0.12263108513692966
Pu[(9, 9, 1)][(9, 10, 1)]: 0.8597570181832589
Pu[(9, 9, 1)][(9, 9, 2)]: 0.01762070415803064
Pu[(9, 9, 1)][(9, 9, 0)]: 0.12262227765871049
Pu[(9, 9, 2)][(9, 9, 3)]: 0.12331619543331092
Pu[(9, 9, 2)][(9, 9, 1)]: 0.8604710652151824
Pu[(9, 9, 2)][(8, 9, 2)]: 0.016212739351506772
Pu[(9, 9, 3)][(9, 9, 2)]: 0.12355555623657233
Pu[(9, 9, 3)][(9, 9, 0)]: 0.8598216953896516
Pu[(9, 9, 3)][(9, 8, 3)]: 0.016622748373775892
Pu[(9, 10, 0)][(10, 10, 0)]: 0.9666904977458574
Pu[(9, 10, 0)][(9, 10, 3)]: 0.015590615002348217
Pu[(9, 10, 0)][(9, 10, 1)]: 0.017718887251794428
Pu[(9, 10, 1)][(9, 10, 2)]: 0.02871673687464207
Pu[(9, 10, 1)][(9, 10, 1)]: 0.12262648149998853
Pu[(9, 10, 1)][(9, 10, 0)]: 0.8486567816253694
Pu[(9, 10, 2)][(9, 10, 3)]: 0.460769257178449
Pu[(9, 10, 2)][(9, 10, 1)]: 0.5236687915010614
Pu[(9, 10, 2)][(8, 10, 2)]: 0.015561951320489542
Pu[(9, 10, 3)][(9, 10, 2)]: 0.03263710331913016
Pu[(9, 10, 3)][(9, 10, 0)]: 0.9645141502426672
Pu[(9, 10, 3)][(9, 9, 3)]: 0.002848746438202473
Pu[(10, 1, 0)][(10, 1, 3)]: 0.032255547739577575
Pu[(10, 1, 0)][(10, 1, 1)]: 0.8451179277882083
Pu[(10, 1, 0)][(10, 1, 0)]: 0.1226265244722143
Pu[(10, 1, 1)][(10, 2, 1)]: 0.9665143723496379
Pu[(10, 1, 1)][(10, 1, 2)]: 0.015692533649924262
Pu[(10, 1, 1)][(10, 1, 0)]: 0.01779309400043786
Pu[(10, 1, 2)][(10, 1, 3)]: 0.036574280416915815
Pu[(10, 1, 2)][(10, 1, 1)]: 0.9582717467966809
Pu[(10, 1, 2)][(9, 1, 2)]: 0.005153972786403159
Pu[(10, 1, 3)][(10, 1, 3)]: 0.12262977288772635
Pu[(10, 1, 3)][(10, 1, 2)]: 0.4111663056210373
Pu[(10, 1, 3)][(10, 1, 0)]: 0.4662039214912365
Pu[(10, 2, 0)][(10, 2, 3)]: 0.02945649294720976
Pu[(10, 2, 0)][(10, 2, 1)]: 0.8479168489711885
Pu[(10, 2, 0)][(10, 2, 0)]: 0.12262665808160174
Pu[(10, 2, 1)][(10, 3, 1)]: 0.966616027763325
Pu[(10, 2, 1)][(10, 2, 2)]: 0.015649594786517094
Pu[(10, 2, 1)][(10, 2, 0)]: 0.01773437745015791
Pu[(10, 2, 2)][(10, 2, 3)]: 0.03340043875318589
Pu[(10, 2, 2)][(10, 2, 1)]: 0.9614448954467004
Pu[(10, 2, 2)][(9, 2, 2)]: 0.005154665800113711
Pu[(10, 2, 3)][(10, 2, 2)]: 0.4605831744858661
Pu[(10, 2, 3)][(10, 2, 0)]: 0.5219404064418053
Pu[(10, 2, 3)][(10, 1, 3)]: 0.017476419072328688
Pu[(10, 3, 0)][(10, 3, 3)]: 0.02916170155806488
Pu[(10, 3, 0)][(10, 3, 1)]: 0.8482112940015969
Pu[(10, 3, 0)][(10, 3, 0)]: 0.12262700444033836
Pu[(10, 3, 1)][(10, 4, 1)]: 0.9666308003912706
Pu[(10, 3, 1)][(10, 3, 2)]: 0.015640929165306718
Pu[(10, 3, 1)][(10, 3, 0)]: 0.017728270443422584
Pu[(10, 3, 2)][(10, 3, 3)]: 0.033076526642711296
Pu[(10, 3, 2)][(10, 3, 1)]: 0.9620797815528492
Pu[(10, 3, 2)][(9, 3, 2)]: 0.004843691804439505
Pu[(10, 3, 3)][(10, 3, 2)]: 0.46125326791360055
Pu[(10, 3, 3)][(10, 3, 0)]: 0.5228092647221196
Pu[(10, 3, 3)][(10, 2, 3)]: 0.015937467364279752
Pu[(10, 4, 0)][(10, 4, 3)]: 0.028919797341921006
Pu[(10, 4, 0)][(10, 4, 1)]: 0.8484533208356398
Pu[(10, 4, 0)][(10, 4, 0)]: 0.12262688182243901
Pu[(10, 4, 1)][(10, 5, 1)]: 0.9666576248908751
Pu[(10, 4, 1)][(10, 4, 2)]: 0.015619179845240212
Pu[(10, 4, 1)][(10, 4, 0)]: 0.017723195263884717
Pu[(10, 4, 2)][(10, 4, 3)]: 0.03281765631514518
Pu[(10, 4, 2)][(10, 4, 1)]: 0.9628092878184076
Pu[(10, 4, 2)][(9, 4, 2)]: 0.004373055866447276
Pu[(10, 4, 3)][(10, 4, 2)]: 0.4610527704529506
Pu[(10, 4, 3)][(10, 4, 0)]: 0.5231598815467121
Pu[(10, 4, 3)][(10, 3, 3)]: 0.01578734800033733
Pu[(10, 5, 0)][(10, 5, 3)]: 0.028781415460954113
Pu[(10, 5, 0)][(10, 5, 1)]: 0.8485913531502927
Pu[(10, 5, 0)][(10, 5, 0)]: 0.12262723138875317
Pu[(10, 5, 1)][(10, 6, 1)]: 0.9666688292074569
Pu[(10, 5, 1)][(10, 5, 2)]: 0.015610808143743875
Pu[(10, 5, 1)][(10, 5, 0)]: 0.017720362648799278
Pu[(10, 5, 2)][(10, 5, 3)]: 0.03267241950503324
Pu[(10, 5, 2)][(10, 5, 1)]: 0.9633137298644541
Pu[(10, 5, 2)][(9, 5, 2)]: 0.004013850630512603
Pu[(10, 5, 3)][(10, 5, 2)]: 0.46102076119601165
Pu[(10, 5, 3)][(10, 5, 0)]: 0.5233204457959324
Pu[(10, 5, 3)][(10, 4, 3)]: 0.015658793008055994
Pu[(10, 6, 0)][(10, 6, 3)]: 0.028735790018865812
Pu[(10, 6, 0)][(10, 6, 1)]: 0.8486376938169259
Pu[(10, 6, 0)][(10, 6, 0)]: 0.12262651616420829
Pu[(10, 6, 1)][(10, 7, 1)]: 0.966676273911861
Pu[(10, 6, 1)][(10, 6, 2)]: 0.015604434933083187
Pu[(10, 6, 1)][(10, 6, 0)]: 0.017719291155055925
Pu[(10, 6, 2)][(10, 6, 3)]: 0.032630425058295755
Pu[(10, 6, 2)][(10, 6, 1)]: 0.9636557286769564
Pu[(10, 6, 2)][(9, 6, 2)]: 0.003713846264747909
Pu[(10, 6, 3)][(10, 6, 2)]: 0.4609696859621841
Pu[(10, 6, 3)][(10, 6, 0)]: 0.5234445280617898
Pu[(10, 6, 3)][(10, 5, 3)]: 0.015585785976026065
Pu[(10, 7, 0)][(10, 7, 3)]: 0.028746849855411708
Pu[(10, 7, 0)][(10, 7, 1)]: 0.8486264214832804
Pu[(10, 7, 0)][(10, 7, 0)]: 0.1226267286613078
Pu[(10, 7, 1)][(10, 8, 1)]: 0.9666779937766111
Pu[(10, 7, 1)][(10, 7, 2)]: 0.015602449263206334
Pu[(10, 7, 1)][(10, 7, 0)]: 0.01771955696018259
Pu[(10, 7, 2)][(10, 7, 3)]: 0.032647711119967185
Pu[(10, 7, 2)][(10, 7, 1)]: 0.9637824804007852
Pu[(10, 7, 2)][(9, 7, 2)]: 0.003569808479247605
Pu[(10, 7, 3)][(10, 7, 2)]: 0.4609462823623877
Pu[(10, 7, 3)][(10, 7, 0)]: 0.523492418922069
Pu[(10, 7, 3)][(10, 6, 3)]: 0.015561298715543223
Pu[(10, 8, 0)][(10, 8, 3)]: 0.02874630485489925
Pu[(10, 8, 0)][(10, 8, 1)]: 0.8486272070449696
Pu[(10, 8, 0)][(10, 8, 0)]: 0.1226264881001311
Pu[(10, 8, 1)][(10, 9, 1)]: 0.9666843275993349
Pu[(10, 8, 1)][(10, 8, 2)]: 0.015596166682387039
Pu[(10, 8, 1)][(10, 8, 0)]: 0.01771950571827815
Pu[(10, 8, 2)][(10, 8, 3)]: 0.032660332299117974
Pu[(10, 8, 2)][(10, 8, 1)]: 0.9641742380477598
Pu[(10, 8, 2)][(9, 8, 2)]: 0.003165429653122245
Pu[(10, 8, 3)][(10, 8, 2)]: 0.4608440661090117
Pu[(10, 8, 3)][(10, 8, 0)]: 0.5235856496632009
Pu[(10, 8, 3)][(10, 7, 3)]: 0.015570284227787431
Pu[(10, 9, 0)][(10, 9, 3)]: 0.028722435883929337
Pu[(10, 9, 0)][(10, 9, 1)]: 0.8486510546245795
Pu[(10, 9, 0)][(10, 9, 0)]: 0.12262650949149123
Pu[(10, 9, 1)][(10, 10, 1)]: 0.9666901570272344
Pu[(10, 9, 1)][(10, 9, 2)]: 0.015590832099460144
Pu[(10, 9, 1)][(10, 9, 0)]: 0.017719010873305487
Pu[(10, 9, 2)][(10, 9, 3)]: 0.03264333451083565
Pu[(10, 9, 2)][(10, 9, 1)]: 0.9645003777198357
Pu[(10, 9, 2)][(9, 9, 2)]: 0.0028562877693286844
Pu[(10, 9, 3)][(10, 9, 2)]: 0.46076599409017993
Pu[(10, 9, 3)][(10, 9, 0)]: 0.5236614445752392
Pu[(10, 9, 3)][(10, 8, 3)]: 0.015572561334580808
