Q[(1, 1, 0)] error: [-6.60804744e-13 -1.52766688e-13 -1.52766688e-13]
Q[(1, 1, 1)] error: [-1.70530257e-13 -1.70530257e-13 -1.45661261e-13]
Q[(1, 1, 2)] error: [-1.52766688e-13 -5.99152231e-05 -2.10054310e-04]
Q[(1, 1, 3)] error: [-3.69482223e-13 -3.76587650e-13 -2.01673786e-03]
Q[(1, 2, 0)] error: [-3.01980663e-13 -2.37050877e-08 -1.31450406e-13]
Q[(1, 2, 1)] error: [-1.38555833e-13 -2.41939802e-12 -1.38555833e-13]
Q[(1, 2, 2)] error: [-1.15818466e-12 -1.10844667e-12 -8.82648756e-04]
Q[(1, 2, 3)] error: [-8.36768489e-02 -1.38555833e-13 -2.11189096e-01]
Q[(1, 3, 0)] error: [-2.87342552e-07 -5.40280188e-04 -1.24344979e-13]
Q[(1, 3, 1)] error: [-1.31450406e-13 -1.26025412e-09 -1.31450406e-13]
Q[(1, 3, 2)] error: [-5.18351584e-10 -5.20106624e-10 -5.03026291e-03]
Q[(1, 3, 3)] error: [-8.19342566e-02 -3.33955086e-13 -2.31324146e-04]
Q[(1, 4, 0)] error: [-5.48625056e-07 -3.17131602e-03 -1.17239551e-13]
Q[(1, 4, 1)] error: [-1.24344979e-13 -3.74573261e-10 -1.24344979e-13]
Q[(1, 4, 2)] error: [-1.46481938e-10 -1.85519156e-10 -2.13058633e-03]
Q[(1, 4, 3)] error: [-5.09814616e-02 -1.24344979e-13 -8.97048639e-04]
Q[(1, 5, 0)] error: [-6.40688096e-03 -1.17239551e-12 -1.00001210e-02]
Q[(1, 5, 1)] error: [-1.03916875e-11 -8.44693204e-11 -1.17239551e-13]
Q[(1, 5, 2)] error: [-1.10773613e-11 -1.70812505e-03 -8.70414999e-04]
Q[(1, 5, 3)] error: [-0.00023868 -0.00026288 -0.00020687]
Q[(1, 6, 0)] error: [-8.73416894e-10 -2.45705678e-11 -1.03028697e-13]
Q[(1, 6, 1)] error: [-1.10134124e-13 -2.39625919e-09 -1.10134124e-13]
Q[(1, 6, 2)] error: [-9.94610616e-10 -1.07727161e-09 -5.63345829e-03]
Q[(1, 6, 3)] error: [-7.56966501e-03 -1.30029321e-12 -3.81331629e-03]
Q[(1, 7, 0)] error: [-1.36433928e-06 -2.57797005e-07 -9.59232693e-14]
Q[(1, 7, 1)] error: [-1.03028697e-13 -1.01265225e-04 -5.10818161e-08]
Q[(1, 7, 2)] error: [-3.66661664e-05 -4.37125223e-05 -1.73477396e-01]
Q[(1, 7, 3)] error: [-8.33671599e-02 -1.38543292e-08 -1.71390634e-02]
Q[(1, 9, 0)] error: [-3.31737017 -1.16959266 -1.23636669]
Q[(1, 9, 1)] error: [-2.30342488 -2.09319711 -0.50222832]
Q[(1, 9, 2)] error: [-0.87155167 -2.68530036 -1.69416962]
Q[(1, 9, 3)] error: [-1.9748394  -1.85344911 -2.86948798]
Q[(1, 10, 0)] error: [-2.37422325 -1.49145145 -0.44096806]
Q[(1, 10, 1)] error: [-1.19022977 -2.14002891 -0.24641281]
Q[(1, 10, 2)] error: [-0.97591208 -1.92976314 -1.88531274]
Q[(1, 10, 3)] error: [-2.02429184 -1.24256216 -3.95618738]
Q[(1, 11, 0)] error: [-2.26535147 -0.84063181 -0.27895064]
Q[(1, 11, 1)] error: [-0.92841182 -1.40016462 -0.11346216]
Q[(1, 11, 2)] error: [-0.61761115 -1.75013921 -1.59267087]
Q[(1, 11, 3)] error: [-2.08287063 -0.73993575 -3.15334652]
Q[(1, 12, 0)] error: [-1.68362691 -0.85572108 -0.38551757]
Q[(1, 12, 1)] error: [-0.777465   -1.26710752 -0.05075612]
Q[(1, 12, 2)] error: [-0.50568138 -1.50208519 -1.57151586]
Q[(1, 12, 3)] error: [-1.79236745 -0.91178282 -2.20747963]
Q[(1, 13, 0)] error: [-2.03581767 -0.7409332  -0.3108823 ]
Q[(1, 13, 1)] error: [-0.68617596 -1.09826171 -0.0154888 ]
Q[(1, 13, 2)] error: [-0.46361192 -1.55328613 -1.43422044]
Q[(1, 13, 3)] error: [-1.62276314 -0.93406532 -2.47314877]
Q[(1, 14, 0)] error: [-1.89088748 -0.47725796 -0.20816011]
Q[(1, 14, 1)] error: [-0.59802015 -0.34727139 -0.00265233]
Q[(1, 14, 2)] error: [-0.0806302  -0.95335068 -0.68057043]
Q[(1, 14, 3)] error: [-1.37762969 -0.59448853 -2.29678292]
Q[(1, 15, 0)] error: [-2.18480249e-01 -2.68142956e-01 -1.67095251e-05]
Q[(1, 15, 1)] error: [-0.00022754 -0.21568175 -0.02848386]
Q[(1, 15, 2)] error: [-0.04505206 -0.04787393 -0.39621186]
Q[(1, 15, 3)] error: [-0.43806598 -0.01061675 -2.59447742]
Q[(2, 1, 0)] error: [-3.60999408e-08 -1.45661261e-13 -1.45661261e-13]
Q[(2, 1, 1)] error: [-3.25623155e-04 -1.69335702e-04 -1.38555833e-13]
Q[(2, 1, 2)] error: [-4.62808458e-10 -1.09948558e-02 -3.93480679e-02]
Q[(2, 1, 3)] error: [-1.18800685e-08 -1.30135547e-08 -2.03469008e-03]
Q[(2, 2, 0)] error: [-1.83000282e-11 -3.05533376e-13 -1.24344979e-13]
Q[(2, 2, 1)] error: [-1.31450406e-13 -2.07401414e-03 -1.31450406e-13]
Q[(2, 2, 2)] error: [-0.00047148 -0.00052719 -0.34049443]
Q[(2, 2, 3)] error: [-2.64897591e-02 -4.36983782e-13 -7.84953016e-03]
Q[(2, 3, 0)] error: [-3.06025072e-09 -2.92642390e-08 -1.17239551e-13]
Q[(2, 3, 1)] error: [-1.24344979e-13 -2.55878292e-03 -1.24344979e-13]
Q[(2, 3, 2)] error: [-7.56071443e-04 -5.95126292e-04 -1.27040107e+00]
Q[(2, 3, 3)] error: [-6.29177850e-02 -1.87547755e-11 -3.78411381e-03]
Q[(2, 4, 0)] error: [-6.23127669e-07 -3.61310981e-12 -1.10134124e-13]
Q[(2, 4, 1)] error: [-1.17239551e-13 -3.04249058e-03 -4.22629519e-05]
Q[(2, 4, 2)] error: [-3.21353317e-04 -1.91846987e-04 -9.40975773e-01]
Q[(2, 4, 3)] error: [-4.03703716e-03 -8.55410214e-08 -8.04751510e-03]
Q[(2, 6, 0)] error: [-1.72868793e-06 -9.59232693e-14 -9.59232693e-14]
Q[(2, 6, 1)] error: [-2.50216268e-04 -3.70308373e-03 -8.88178420e-14]
Q[(2, 6, 2)] error: [-6.77753462e-08 -4.98204414e-02 -4.19496112e-02]
Q[(2, 6, 3)] error: [-8.49585618e-07 -6.89963571e-07 -7.62586028e-03]
Q[(2, 7, 0)] error: [-7.81781549e-04 -8.88178420e-14 -8.88178420e-14]
Q[(2, 7, 1)] error: [-5.53780702e-05 -1.80949063e-04 -8.17124146e-14]
Q[(2, 7, 2)] error: [-7.63690359e-07 -1.48465808e-01 -2.18503410e-01]
Q[(2, 7, 3)] error: [-3.85396096e-04 -2.96087001e-04 -3.00659796e-01]
Q[(2, 8, 0)] error: [-1.60093121 -0.01545157 -0.01564586]
Q[(2, 8, 1)] error: [-2.85558989e-02 -4.62806572e-04 -7.46069873e-14]
Q[(2, 8, 2)] error: [-5.25071050e-05 -1.18980654e+00 -5.26591574e-01]
Q[(2, 8, 3)] error: [-0.54169023 -0.47739588 -2.18494296]
Q[(2, 9, 0)] error: [-1.16648824 -0.02874982 -0.02920985]
Q[(2, 9, 1)] error: [-6.36967601e-02 -2.70089776e-04 -6.75015599e-14]
Q[(2, 9, 2)] error: [-4.29830193e-05 -7.31855685e-01 -1.27626685e+00]
Q[(2, 9, 3)] error: [-0.22126941 -0.28691491 -1.9286138 ]
Q[(2, 10, 0)] error: [-1.13584015 -0.18512649 -0.00176928]
Q[(2, 10, 1)] error: [-1.21753374e-02 -5.63791608e-03 -6.03961325e-14]
Q[(2, 10, 2)] error: [-6.90713559e-04 -9.39357781e-01 -1.77808000e+00]
Q[(2, 10, 3)] error: [-1.32457408 -0.34547628 -1.08580742]
Q[(2, 11, 0)] error: [-1.75091476e-01 -1.15138314e-01 -7.39438590e-06]
Q[(2, 11, 1)] error: [-8.25291621e-05 -1.30527745e-03 -5.32907052e-14]
Q[(2, 11, 2)] error: [-7.87294680e-05 -4.27424725e-01 -1.50677255e+00]
Q[(2, 11, 3)] error: [-0.75560024 -0.03589974 -1.75661988]
Q[(2, 12, 0)] error: [-3.75202915e-01 -1.57679007e-01 -3.26005162e-04]
Q[(2, 12, 1)] error: [-1.67700443e-03 -4.24778290e-02 -4.61852778e-14]
Q[(2, 12, 2)] error: [-0.00772676 -0.44623201 -1.69931848]
Q[(2, 12, 3)] error: [-0.92258058 -0.07560871 -1.37880921]
Q[(2, 13, 0)] error: [-7.36734851e-01 -4.05504334e-01 -7.22401518e-04]
Q[(2, 13, 1)] error: [-4.90013337e-03 -7.35786553e-02 -3.90798505e-14]
Q[(2, 13, 2)] error: [-0.00659844 -1.00471016 -1.3836163 ]
Q[(2, 13, 3)] error: [-0.69867049 -0.17884423 -1.90554819]
Q[(2, 14, 0)] error: [-4.09344964e-01 -5.29632737e-02 -1.80863059e-04]
Q[(2, 14, 1)] error: [-2.28098760e-03 -1.83770558e-02 -3.55271368e-14]
Q[(2, 14, 2)] error: [-0.00321673 -0.38724787 -0.33996543]
Q[(2, 14, 3)] error: [-0.25974473 -0.06224443 -1.32109216]
Q[(2, 15, 0)] error: [-4.19657807e-04 -6.10109861e-05 -2.84217094e-14]
Q[(2, 15, 1)] error: [-3.19744231e-14 -7.87297637e-03 -1.21411385e-04]
Q[(2, 15, 2)] error: [-0.00282033 -0.00267573 -0.303685  ]
Q[(2, 15, 3)] error: [-3.67868556e-01 -5.59796997e-06 -3.69453836e-01]
Q[(3, 1, 0)] error: [-8.58665462e-07 -1.38555833e-13 -1.38555833e-13]
Q[(3, 1, 1)] error: [-2.64310650e-04 -9.94277687e-04 -1.31450406e-13]
Q[(3, 1, 2)] error: [-1.96597583e-09 -1.76907966e-02 -2.95886930e-02]
Q[(3, 1, 3)] error: [-3.20779755e-07 -3.30050604e-07 -9.40680498e-04]
Q[(3, 2, 0)] error: [-1.31450406e-13 -1.35003120e-13 -1.17239551e-13]
Q[(3, 2, 1)] error: [-1.24344979e-13 -9.65013551e-04 -1.24344979e-13]
Q[(3, 2, 2)] error: [-0.00025248 -0.00027783 -0.08320675]
Q[(3, 2, 3)] error: [-3.64904019e-03 -1.24344979e-13 -1.46353200e-02]
Q[(3, 3, 0)] error: [-1.95522531e-09 -5.95306915e-10 -1.10134124e-13]
Q[(3, 3, 1)] error: [-1.17239551e-13 -2.06259928e-04 -1.17239551e-13]
Q[(3, 3, 2)] error: [-4.35079324e-05 -5.37206614e-05 -2.83420097e-01]
Q[(3, 3, 3)] error: [-4.88768945e-03 -1.66124892e-11 -6.48343652e-04]
Q[(3, 4, 0)] error: [-1.58415503e-11 -2.87759150e-10 -1.03028697e-13]
Q[(3, 4, 1)] error: [-1.10134124e-13 -1.41387193e-03 -6.90470340e-07]
Q[(3, 4, 2)] error: [-0.00020878 -0.00019028 -0.07673672]
Q[(3, 4, 3)] error: [-4.38536524e-03 -1.33226763e-12 -6.88409939e-04]
Q[(3, 6, 0)] error: [-3.73799674e-06 -8.88178420e-14 -8.88178420e-14]
Q[(3, 6, 1)] error: [-6.52727908e-03 -2.96323484e-02 -8.17124146e-14]
Q[(3, 6, 2)] error: [-2.31490027e-08 -1.68890970e-01 -3.94236573e-01]
Q[(3, 6, 3)] error: [-1.69641548e-06 -1.54255012e-06 -2.03684154e-01]
Q[(3, 7, 0)] error: [-1.74971855e-03 -8.17124146e-14 -8.17124146e-14]
Q[(3, 7, 1)] error: [-1.49491207e-04 -4.71478604e-04 -7.46069873e-14]
Q[(3, 7, 2)] error: [-2.89607075e-06 -1.87217515e-01 -2.70200686e-01]
Q[(3, 7, 3)] error: [-0.00076113 -0.00082993 -0.19209898]
Q[(3, 8, 0)] error: [-0.32958153 -0.00434442 -0.00431437]
Q[(3, 8, 1)] error: [-9.52853989e-03 -3.11812055e-04 -6.75015599e-14]
Q[(3, 8, 2)] error: [-1.89108876e-05 -9.39353847e-01 -4.38403365e-01]
Q[(3, 8, 3)] error: [-0.16214429 -0.18110028 -1.2818175 ]
Q[(3, 9, 0)] error: [-0.68994625 -0.00390562 -0.00502025]
Q[(3, 9, 1)] error: [-1.27908861e-02 -4.24584989e-03 -6.03961325e-14]
Q[(3, 9, 2)] error: [-5.06251337e-04 -6.33517112e-01 -5.18380809e-01]
Q[(3, 9, 3)] error: [-0.23939331 -0.16613749 -2.27269554]
Q[(3, 10, 0)] error: [-8.38201073e-01 -9.71054837e-02 -2.98241465e-06]
Q[(3, 10, 1)] error: [-4.70642333e-04 -3.24320044e-03 -5.32907052e-14]
Q[(3, 10, 2)] error: [-4.83134515e-04 -6.54808380e-01 -9.70325647e-01]
Q[(3, 10, 3)] error: [-0.74483903 -0.15264616 -1.69266434]
Q[(3, 11, 0)] error: [-1.16609333e-01 -1.00486297e-01 -6.49325855e-08]
Q[(3, 11, 1)] error: [-5.89544450e-04 -1.10176219e-02 -4.61852778e-14]
Q[(3, 11, 2)] error: [-0.00120568 -0.49888888 -0.6265774 ]
Q[(3, 11, 3)] error: [-0.66830663 -0.02125901 -1.06808701]
Q[(3, 12, 0)] error: [-6.10461823e-01 -8.59531613e-02 -1.38528899e-06]
Q[(3, 12, 1)] error: [-1.15168022e-03 -1.62694613e-02 -3.90798505e-14]
Q[(3, 12, 2)] error: [-0.00299293 -0.47541921 -1.10157943]
Q[(3, 12, 3)] error: [-0.92019497 -0.07515962 -1.47436253]
Q[(3, 13, 0)] error: [-1.77976473e-01 -3.40496659e-02 -2.83159478e-06]
Q[(3, 13, 1)] error: [-2.80398186e-03 -1.79301177e-02 -3.55271368e-14]
Q[(3, 13, 2)] error: [-0.00346485 -0.29513053 -0.6170838 ]
Q[(3, 13, 3)] error: [-0.87237079 -0.01434135 -1.20197765]
Q[(3, 14, 0)] error: [-3.68554607e-02 -2.87185380e-02 -3.09714316e-07]
Q[(3, 14, 1)] error: [-3.73872524e-04 -1.87342817e-04 -3.19744231e-14]
Q[(3, 14, 2)] error: [-3.10928690e-06 -2.74101414e-01 -5.55656090e-01]
Q[(3, 14, 3)] error: [-0.10785015 -0.00209043 -0.73658376]
Q[(3, 15, 0)] error: [-2.63269584e-09 -2.88831092e-08 -2.48689958e-14]
Q[(3, 15, 1)] error: [-2.84217094e-14 -4.18080155e-05 -2.57545501e-07]
Q[(3, 15, 2)] error: [-1.34929724e-05 -1.33187289e-05 -4.05909564e-01]
Q[(3, 15, 3)] error: [-2.19428364e-02 -8.61852811e-11 -6.22887609e-02]
Q[(4, 1, 0)] error: [-2.33371551e-07 -1.31450406e-13 -1.31450406e-13]
Q[(4, 1, 1)] error: [-1.58910689e-03 -1.60426735e-03 -1.24344979e-13]
Q[(4, 1, 2)] error: [-1.27738176e-09 -2.42521058e-02 -3.47878789e-02]
Q[(4, 1, 3)] error: [-8.63751239e-08 -9.34235977e-08 -1.81184095e-03]
Q[(4, 2, 0)] error: [-1.27897692e-13 -1.95399252e-13 -1.10134124e-13]
Q[(4, 2, 1)] error: [-1.17239551e-13 -8.50897362e-05 -1.17239551e-13]
Q[(4, 2, 2)] error: [-2.05210696e-05 -2.31045233e-05 -8.46324270e-02]
Q[(4, 2, 3)] error: [-3.55180459e-03 -1.17239551e-13 -3.61181698e-03]
Q[(4, 3, 0)] error: [-2.23643326e-11 -4.42454962e-11 -1.03028697e-13]
Q[(4, 3, 1)] error: [-1.10134124e-13 -2.30590474e-04 -1.10134124e-13]
Q[(4, 3, 2)] error: [-3.07452668e-05 -2.44631581e-05 -6.35223807e-02]
Q[(4, 3, 3)] error: [-3.83103719e-03 -1.31450406e-13 -1.05413148e-04]
Q[(4, 4, 0)] error: [-6.11066753e-13 -1.24344979e-13 -9.59232693e-14]
Q[(4, 4, 1)] error: [-1.03028697e-13 -4.38425266e-06 -7.15140267e-08]
Q[(4, 4, 2)] error: [-3.75819372e-07 -4.55324983e-07 -3.17046915e-02]
Q[(4, 4, 3)] error: [-6.18095884e-05 -1.77635684e-13 -2.13565700e-05]
Q[(4, 6, 0)] error: [-1.31239113e-05 -8.17124146e-14 -8.17124146e-14]
Q[(4, 6, 1)] error: [-6.54090561e-03 -1.65844730e-02 -7.46069873e-14]
Q[(4, 6, 2)] error: [-1.41261484e-07 -2.46623686e-01 -1.59391208e-01]
Q[(4, 6, 3)] error: [-5.06270136e-06 -6.16764937e-06 -7.42466846e-02]
Q[(4, 7, 0)] error: [-5.98819346e-03 -7.46069873e-14 -7.46069873e-14]
Q[(4, 7, 1)] error: [-1.47133251e-03 -6.65008377e-03 -6.75015599e-14]
Q[(4, 7, 2)] error: [-2.30678170e-05 -6.91901102e-01 -4.27892872e-01]
Q[(4, 7, 3)] error: [-0.0026147  -0.0021034  -0.69146205]
Q[(4, 8, 0)] error: [-0.53049481 -0.0013492  -0.00137368]
Q[(4, 8, 1)] error: [-4.52552068e-03 -2.30646651e-03 -6.03961325e-14]
Q[(4, 8, 2)] error: [-2.61038458e-04 -5.03251288e-01 -5.59612051e-01]
Q[(4, 8, 3)] error: [-0.1767356  -0.2146747  -0.59960086]
Q[(4, 9, 0)] error: [-0.60844695 -0.00150292 -0.00166433]
Q[(4, 9, 1)] error: [-4.26422594e-03 -2.19182438e-03 -5.32907052e-14]
Q[(4, 9, 2)] error: [-2.61054692e-04 -5.22500080e-01 -7.20770045e-01]
Q[(4, 9, 3)] error: [-0.13938831 -0.1709756  -0.83348612]
Q[(4, 10, 0)] error: [-1.33938806e-01 -1.23920361e-02 -1.46802996e-08]
Q[(4, 10, 1)] error: [-8.40502292e-05 -2.50251813e-04 -4.61852778e-14]
Q[(4, 10, 2)] error: [-1.88308585e-05 -5.65372619e-01 -5.10745837e-01]
Q[(4, 10, 3)] error: [-0.37578745 -0.02874249 -0.90086502]
Q[(4, 11, 0)] error: [-2.54481807e-02 -9.80670418e-03 -4.45622206e-10]
Q[(4, 11, 1)] error: [-9.02474719e-05 -6.33445409e-04 -3.90798505e-14]
Q[(4, 11, 2)] error: [-7.39257997e-05 -1.75973311e-01 -3.85417797e-01]
Q[(4, 11, 3)] error: [-0.41333038 -0.00493266 -0.37011354]
Q[(4, 12, 0)] error: [-1.55081169e-01 -1.88261048e-02 -1.00637081e-08]
Q[(4, 12, 1)] error: [-3.84746826e-04 -1.21258097e-02 -3.55271368e-14]
Q[(4, 12, 2)] error: [-0.0023137  -0.47010827 -0.64172319]
Q[(4, 12, 3)] error: [-0.43140571 -0.03343274 -0.44149324]
Q[(4, 13, 0)] error: [-4.78155816e-02 -1.08855263e-02 -3.53885987e-09]
Q[(4, 13, 1)] error: [-2.15325753e-04 -1.08499189e-02 -3.19744231e-14]
Q[(4, 13, 2)] error: [-0.0016868  -0.12936028 -0.4215427 ]
Q[(4, 13, 3)] error: [-0.38812427 -0.00315889 -0.28483406]
Q[(4, 14, 0)] error: [-5.94198279e-03 -3.77752636e-04 -6.63482602e-09]
Q[(4, 14, 1)] error: [-4.28706187e-04 -8.18348656e-04 -2.84217094e-14]
Q[(4, 14, 2)] error: [-2.88928737e-05 -2.56242855e-01 -8.65234941e-02]
Q[(4, 14, 3)] error: [-0.06974473 -0.00069944 -0.25072796]
Q[(4, 15, 0)] error: [-5.27933253e-11 -4.77115236e-10 -2.13162821e-14]
Q[(4, 15, 1)] error: [-2.48689958e-14 -2.78085267e-06 -1.92839593e-08]
Q[(4, 15, 2)] error: [-8.53819856e-07 -7.79942061e-07 -4.88018032e-03]
Q[(4, 15, 3)] error: [-3.06366972e-04 -5.29354338e-13 -4.94959763e-02]
Q[(5, 1, 0)] error: [-1.18666804e-05 -1.24344979e-13 -1.24344979e-13]
Q[(5, 1, 1)] error: [-4.28202051e-04 -6.05541081e-04 -1.17239551e-13]
Q[(5, 1, 2)] error: [-9.00077772e-08 -1.98395564e-02 -2.69705071e-03]
Q[(5, 1, 3)] error: [-4.74778222e-06 -4.77691492e-06 -1.12731752e-02]
Q[(5, 2, 0)] error: [-1.17239551e-13 -1.66977543e-13 -1.03028697e-13]
Q[(5, 2, 1)] error: [-1.10134124e-13 -2.18918188e-04 -1.10134124e-13]
Q[(5, 2, 2)] error: [-5.11937675e-05 -4.64858671e-05 -3.04793322e-02]
Q[(5, 2, 3)] error: [-2.24790178e-03 -1.10134124e-13 -1.83359407e-03]
Q[(5, 3, 0)] error: [-1.35003120e-13 -1.52304835e-11 -9.59232693e-14]
Q[(5, 3, 1)] error: [-1.03028697e-13 -1.65466488e-04 -1.03028697e-13]
Q[(5, 3, 2)] error: [-9.29242909e-06 -7.83240356e-06 -9.71252638e-03]
Q[(5, 3, 3)] error: [-1.69767240e-04 -1.03028697e-13 -3.73635425e-03]
Q[(5, 4, 0)] error: [-1.45661261e-13 -1.03028697e-13 -8.88178420e-14]
Q[(5, 4, 1)] error: [-9.59232693e-14 -1.48601112e-06 -3.00936165e-10]
Q[(5, 4, 2)] error: [-3.37178612e-07 -4.01231283e-07 -1.26699587e-03]
Q[(5, 4, 3)] error: [-1.44171379e-04 -9.59232693e-14 -6.21820533e-05]
Q[(5, 6, 0)] error: [-1.45218712e-05 -7.46069873e-14 -7.46069873e-14]
Q[(5, 6, 1)] error: [-1.30425420e-02 -5.99912225e-03 -6.75015599e-14]
Q[(5, 6, 2)] error: [-1.11232932e-07 -4.05420984e-01 -2.85836319e-02]
Q[(5, 6, 3)] error: [-5.42857177e-06 -6.37323676e-06 -2.17792920e-01]
Q[(5, 7, 0)] error: [-1.37530731e-02 -6.75015599e-14 -6.75015599e-14]
Q[(5, 7, 1)] error: [-1.27844145e-03 -4.73877508e-04 -6.03961325e-14]
Q[(5, 7, 2)] error: [-1.18522247e-05 -2.71759600e-01 -3.47355861e-01]
Q[(5, 7, 3)] error: [-0.0069345  -0.00524719 -0.50787657]
Q[(5, 8, 0)] error: [-0.20425098 -0.00057262 -0.00073303]
Q[(5, 8, 1)] error: [-4.40303739e-03 -5.13554212e-05 -5.32907052e-14]
Q[(5, 8, 2)] error: [-4.36547053e-06 -4.30603686e-01 -3.59271908e-01]
Q[(5, 8, 3)] error: [-0.08049848 -0.06161746 -1.06907789]
Q[(5, 9, 0)] error: [-0.16555091 -0.00055416 -0.00069639]
Q[(5, 9, 1)] error: [-4.14950335e-03 -1.69352753e-04 -4.61852778e-14]
Q[(5, 9, 2)] error: [-1.27940081e-05 -3.44791244e-01 -3.31520821e-01]
Q[(5, 9, 3)] error: [-0.06143886 -0.04984548 -0.77173369]
Q[(5, 10, 0)] error: [-2.36219250e-02 -4.01581726e-03 -1.95202077e-10]
Q[(5, 10, 1)] error: [-3.91003126e-04 -1.82496935e-03 -3.90798505e-14]
Q[(5, 10, 2)] error: [-1.94379748e-04 -1.86966219e-01 -4.88405119e-01]
Q[(5, 10, 3)] error: [-0.50412501 -0.00282854 -0.96414661]
Q[(5, 11, 0)] error: [-6.73657589e-02 -3.94726551e-04 -2.85211854e-11]
Q[(5, 11, 1)] error: [-6.90726375e-05 -5.08802813e-03 -3.55271368e-14]
Q[(5, 11, 2)] error: [-0.00055124 -0.27531678 -0.26630844]
Q[(5, 11, 3)] error: [-0.48102759 -0.00816615 -0.89433199]
Q[(5, 12, 0)] error: [-3.59890935e-02 -1.65458533e-02 -2.37090347e-11]
Q[(5, 12, 1)] error: [-2.87538957e-04 -4.98747307e-03 -3.19744231e-14]
Q[(5, 12, 2)] error: [-4.67372431e-04 -3.81376680e-01 -1.04089064e+00]
Q[(5, 12, 3)] error: [-0.89741398 -0.00497109 -0.23327404]
Q[(5, 13, 0)] error: [-7.53768120e-03 -1.00251445e-03 -1.13509202e-11]
Q[(5, 13, 1)] error: [-4.42439834e-05 -2.15631396e-03 -2.84217094e-14]
Q[(5, 13, 2)] error: [-8.85997739e-05 -2.85762122e-01 -2.45036904e-01]
Q[(5, 13, 3)] error: [-0.06650605 -0.00124397 -0.46751229]
Q[(5, 14, 0)] error: [-1.48427417e-03 -1.65273032e-05 -6.27800034e-11]
Q[(5, 14, 1)] error: [-4.23700248e-04 -1.13911656e-05 -2.48689958e-14]
Q[(5, 14, 2)] error: [-4.13881105e-07 -2.27340334e-02 -7.29541602e-03]
Q[(5, 14, 3)] error: [-0.00184835 -0.00012811 -0.06781982]
Q[(5, 15, 0)] error: [-2.48689958e-14 -2.48689958e-14 -1.77635684e-14]
Q[(5, 15, 1)] error: [-2.13162821e-14 -6.98313460e-08 -6.18083362e-11]
Q[(5, 15, 2)] error: [-6.73905376e-09 -8.30452862e-09 -1.05279757e-03]
Q[(5, 15, 3)] error: [-1.60083396e-05 -2.13162821e-14 -3.67971346e-03]
Q[(6, 1, 0)] error: [-3.03089306e-05 -1.17239551e-13 -1.17239551e-13]
Q[(6, 1, 1)] error: [-1.57139309e-03 -2.26243143e-03 -1.10134124e-13]
Q[(6, 1, 2)] error: [-1.74565400e-07 -8.45123565e-02 -4.29274969e-02]
Q[(6, 1, 3)] error: [-1.07446382e-05 -1.32236925e-05 -6.07089864e-03]
Q[(6, 2, 0)] error: [-1.17239551e-13 -1.10134124e-13 -9.59232693e-14]
Q[(6, 2, 1)] error: [-1.03028697e-13 -2.54206484e-03 -1.03028697e-13]
Q[(6, 2, 2)] error: [-0.00012484 -0.00010663 -0.03915541]
Q[(6, 2, 3)] error: [-2.08272626e-03 -1.03028697e-13 -2.42364539e-02]
Q[(6, 3, 0)] error: [-1.13686838e-13 -9.40758582e-12 -8.88178420e-14]
Q[(6, 3, 1)] error: [-9.59232693e-14 -2.43871790e-05 -9.59232693e-14]
Q[(6, 3, 2)] error: [-5.82867187e-06 -7.62855244e-06 -1.79051745e-02]
Q[(6, 3, 3)] error: [-2.67496289e-04 -9.59232693e-14 -8.54653863e-04]
Q[(6, 4, 0)] error: [-9.59232693e-14 -9.59232693e-14 -8.17124146e-14]
Q[(6, 4, 1)] error: [-8.88178420e-14 -1.22918387e-08 -9.10144848e-10]
Q[(6, 4, 2)] error: [-2.63493760e-09 -1.81037763e-09 -7.95556918e-04]
Q[(6, 4, 3)] error: [-1.63792763e-05 -8.88178420e-14 -8.06987078e-07]
Q[(6, 6, 0)] error: [-1.62995384e-04 -6.75015599e-14 -6.75015599e-14]
Q[(6, 6, 1)] error: [-1.47210285e-02 -1.18655864e-02 -6.03961325e-14]
Q[(6, 6, 2)] error: [-6.85413056e-07 -3.36062782e-01 -1.75736326e-01]
Q[(6, 6, 3)] error: [-6.83195117e-05 -6.92019475e-05 -1.04488075e-01]
Q[(6, 7, 0)] error: [-5.87307905e-02 -6.03961325e-14 -6.03961325e-14]
Q[(6, 7, 1)] error: [-8.65507505e-03 -3.68058803e-04 -5.32907052e-14]
Q[(6, 7, 2)] error: [-2.33645899e-06 -8.34022818e-01 -5.62214177e-01]
Q[(6, 7, 3)] error: [-0.02129    -0.02184101 -1.54150201]
Q[(6, 8, 0)] error: [-4.90879011e-01 -3.69732664e-04 -4.59728906e-04]
Q[(6, 8, 1)] error: [-1.54130762e-03 -8.40294150e-04 -4.61852778e-14]
Q[(6, 8, 2)] error: [-1.03539920e-04 -4.95506222e-01 -2.74897221e-01]
Q[(6, 8, 3)] error: [-0.10983595 -0.10700561 -1.63268561]
Q[(6, 9, 0)] error: [-0.23456235 -0.00030202 -0.00038421]
Q[(6, 9, 1)] error: [-2.66736998e-03 -4.22465138e-04 -3.90798505e-14]
Q[(6, 9, 2)] error: [-2.31909087e-05 -5.93027685e-01 -1.90749930e-01]
Q[(6, 9, 3)] error: [-0.05623065 -0.07109922 -1.07445448]
Q[(6, 10, 0)] error: [-4.55331123e-02 -4.46927967e-04 -2.09965378e-12]
Q[(6, 10, 1)] error: [-7.43427626e-04 -5.51112399e-04 -3.55271368e-14]
Q[(6, 10, 2)] error: [-1.23563189e-04 -1.16314975e-01 -1.75554483e-01]
Q[(6, 10, 3)] error: [-0.26034392 -0.0064251  -0.65288004]
Q[(6, 11, 0)] error: [-1.21817059e-02 -3.36923869e-04 -1.69642078e-12]
Q[(6, 11, 1)] error: [-1.72497964e-04 -1.36868875e-04 -3.19744231e-14]
Q[(6, 11, 2)] error: [-2.29168642e-05 -2.37998339e-02 -1.44963419e-01]
Q[(6, 11, 3)] error: [-3.12604744e-01 -1.38202687e-04 -5.89373067e-01]
Q[(6, 12, 0)] error: [-3.50158647e-03 -3.27954598e-04 -4.08562073e-14]
Q[(6, 12, 1)] error: [-2.93725723e-06 -2.21357407e-04 -2.84217094e-14]
Q[(6, 12, 2)] error: [-1.63111020e-05 -1.09729394e-02 -2.68970895e-01]
Q[(6, 12, 3)] error: [-1.01162819e-01 -4.90787200e-05 -2.32053919e-01]
Q[(6, 13, 0)] error: [-8.42155561e-03 -4.29002549e-04 -8.70414851e-14]
Q[(6, 13, 1)] error: [-1.85376999e-05 -2.95141051e-04 -2.48689958e-14]
Q[(6, 13, 2)] error: [-3.52565393e-06 -2.59791714e-01 -1.15350799e-01]
Q[(6, 13, 3)] error: [-0.02120781 -0.0010302  -0.05749195]
Q[(6, 14, 0)] error: [-2.53985545e-04 -1.35901712e-06 -2.84217094e-14]
Q[(6, 14, 1)] error: [-4.94140202e-06 -2.31063654e-05 -2.13162821e-14]
Q[(6, 14, 2)] error: [-2.01762120e-06 -6.54558929e-03 -2.04318072e-03]
Q[(6, 14, 3)] error: [-1.38878701e-03 -2.06629657e-07 -1.16850307e-01]
Q[(6, 15, 0)] error: [-2.13162821e-14 -2.13162821e-14 -1.42108547e-14]
Q[(6, 15, 1)] error: [-1.77635684e-14 -7.65107089e-10 -2.41229259e-12]
Q[(6, 15, 2)] error: [-1.68505210e-10 -1.46684442e-10 -1.59953495e-05]
Q[(6, 15, 3)] error: [-2.09832017e-07 -1.77635684e-14 -1.12937281e-04]
Q[(7, 1, 0)] error: [-4.35194734e-06 -1.10134124e-13 -1.10134124e-13]
Q[(7, 1, 1)] error: [-3.58989436e-04 -8.30299197e-03 -1.03028697e-13]
Q[(7, 1, 2)] error: [-2.93870066e-08 -1.05931489e-01 -4.10710258e-02]
Q[(7, 1, 3)] error: [-1.72845991e-06 -1.93912453e-06 -3.01884512e-02]
Q[(7, 2, 0)] error: [-1.03028697e-13 -1.13686838e-13 -8.88178420e-14]
Q[(7, 2, 1)] error: [-9.59232693e-14 -4.68797567e-05 -9.59232693e-14]
Q[(7, 2, 2)] error: [-1.18545973e-05 -1.01455538e-05 -5.86492190e-03]
Q[(7, 2, 3)] error: [-3.29116698e-04 -9.59232693e-14 -1.52536103e-03]
Q[(7, 3, 0)] error: [-2.41584530e-13 -6.85673740e-12 -8.17124146e-14]
Q[(7, 3, 1)] error: [-8.88178420e-14 -1.83228638e-06 -8.88178420e-14]
Q[(7, 3, 2)] error: [-2.44857649e-07 -2.83537180e-07 -1.99201440e-02]
Q[(7, 3, 3)] error: [-9.93655990e-05 -8.88178420e-14 -1.15204475e-05]
Q[(7, 4, 0)] error: [-8.88178420e-14 -8.88178420e-14 -7.46069873e-14]
Q[(7, 4, 1)] error: [-8.17124146e-14 -3.72075348e-08 -4.67537120e-12]
Q[(7, 4, 2)] error: [-5.24985566e-09 -6.50185683e-09 -2.67229328e-05]
Q[(7, 4, 3)] error: [-4.49522496e-07 -8.17124146e-14 -4.23690388e-07]
Q[(7, 6, 0)] error: [-1.02854022e-03 -6.03961325e-14 -6.03961325e-14]
Q[(7, 6, 1)] error: [-2.30909082e-03 -8.50155477e-02 -5.32907052e-14]
Q[(7, 6, 2)] error: [-1.00849985e-05 -6.90299163e-01 -6.83084988e-01]
Q[(7, 6, 3)] error: [-0.00044296 -0.0004336  -0.17312031]
Q[(7, 7, 0)] error: [-2.05832292e-02 -5.32907052e-14 -4.08545155e-03]
Q[(7, 7, 1)] error: [-7.68155677e-05 -9.70046505e-04 -4.61852778e-14]
Q[(7, 7, 2)] error: [-2.47109197e-05 -3.32209233e-01 -3.63322032e-01]
Q[(7, 7, 3)] error: [-0.00520909 -0.00820344 -1.30629433]
Q[(7, 8, 0)] error: [-0.24975491 -0.00027757 -0.00031278]
Q[(7, 8, 1)] error: [-5.12039651e-03 -1.15664736e-04 -3.90798505e-14]
Q[(7, 8, 2)] error: [-7.13784324e-06 -6.82581816e-01 -7.00804622e-01]
Q[(7, 8, 3)] error: [-0.10069419 -0.08145923 -0.37583949]
Q[(7, 9, 0)] error: [-0.09381002 -0.00015358 -0.00023368]
Q[(7, 9, 1)] error: [-2.23056489e-03 -1.72682177e-04 -3.55271368e-14]
Q[(7, 9, 2)] error: [-1.37412172e-05 -2.73704583e-01 -6.24721608e-01]
Q[(7, 9, 3)] error: [-0.02727725 -0.02746989 -1.12551109]
Q[(7, 10, 0)] error: [-1.24339363e-02 -3.96920196e-04 -7.99360578e-14]
Q[(7, 10, 1)] error: [-1.32020526e-04 -3.22719287e-03 -3.19744231e-14]
Q[(7, 10, 2)] error: [-2.38582979e-04 -1.52558053e-01 -1.10907411e+00]
Q[(7, 10, 3)] error: [-0.28535953 -0.00186516 -0.65062703]
Q[(7, 11, 0)] error: [-1.39468254e-03 -5.19139531e-04 -1.06581410e-13]
Q[(7, 11, 1)] error: [-1.77816349e-05 -3.51321823e-04 -2.84217094e-14]
Q[(7, 11, 2)] error: [-6.24854209e-05 -4.04019300e-02 -5.74087908e-02]
Q[(7, 11, 3)] error: [-4.31374385e-02 -6.49662239e-05 -4.25560657e-01]
Q[(7, 12, 0)] error: [-8.14086244e-04 -1.69611880e-05 -2.48689958e-14]
Q[(7, 12, 1)] error: [-6.41506730e-06 -3.12271509e-04 -2.48689958e-14]
Q[(7, 12, 2)] error: [-6.32061037e-05 -3.35573633e-02 -8.94182030e-03]
Q[(7, 12, 3)] error: [-2.23103852e-02 -4.32499662e-05 -5.15574976e-02]
Q[(7, 13, 0)] error: [-3.14262227e-04 -3.96377500e-06 -2.13162821e-14]
Q[(7, 13, 1)] error: [-2.88868860e-05 -3.98420769e-06 -2.13162821e-14]
Q[(7, 13, 2)] error: [-4.38818100e-07 -1.05069736e-02 -1.77560960e-02]
Q[(7, 13, 3)] error: [-8.30808060e-03 -2.43309646e-05 -7.92949316e-03]
Q[(7, 14, 0)] error: [-6.78552524e-04 -3.10536769e-06 -1.77635684e-14]
Q[(7, 14, 1)] error: [-4.47847217e-06 -3.48400333e-06 -1.77635684e-14]
Q[(7, 14, 2)] error: [-1.45828084e-07 -1.12518538e-02 -3.35833505e-03]
Q[(7, 14, 3)] error: [-9.68728808e-04 -1.73287803e-06 -6.59065670e-03]
Q[(7, 15, 0)] error: [-1.77635684e-14 -1.77635684e-14 -9.76996262e-15]
Q[(7, 15, 1)] error: [-1.42108547e-14 -1.17896803e-11 -3.90798505e-14]
Q[(7, 15, 2)] error: [-2.35544917e-12 -2.38564724e-12 -1.75233130e-06]
Q[(7, 15, 3)] error: [-5.91361538e-08 -1.42108547e-14 -7.00415234e-05]
Q[(8, 1, 0)] error: [-9.69495139e-06 -1.03028697e-13 -1.03028697e-13]
Q[(8, 1, 1)] error: [-1.24718373e-03 -1.11119439e-03 -9.59232693e-14]
Q[(8, 1, 2)] error: [-6.38664481e-08 -7.30638555e-02 -1.78365728e-02]
Q[(8, 1, 3)] error: [-3.84313929e-06 -3.15934457e-06 -4.89287631e-03]
Q[(8, 2, 0)] error: [-9.59232693e-14 -9.59232693e-14 -8.17124146e-14]
Q[(8, 2, 1)] error: [-8.88178420e-14 -2.25770186e-04 -8.88178420e-14]
Q[(8, 2, 2)] error: [-1.82366334e-05 -2.29859841e-05 -5.19891450e-03]
Q[(8, 2, 3)] error: [-5.58142839e-04 -8.88178420e-14 -1.49605362e-03]
Q[(8, 3, 0)] error: [-8.88178420e-14 -1.01962883e-12 -7.46069873e-14]
Q[(8, 3, 1)] error: [-8.17124146e-14 -4.39213924e-05 -8.17124146e-14]
Q[(8, 3, 2)] error: [-2.10473159e-06 -3.58655456e-06 -8.03425178e-04]
Q[(8, 3, 3)] error: [-6.94336541e-05 -8.17124146e-14 -7.92338479e-05]
Q[(8, 4, 0)] error: [-8.17124146e-14 -8.17124146e-14 -6.75015599e-14]
Q[(8, 4, 1)] error: [-7.46069873e-14 -4.02543776e-09 -1.35003120e-13]
Q[(8, 4, 2)] error: [-8.57106386e-10 -7.29730942e-10 -8.30725064e-06]
Q[(8, 4, 3)] error: [-7.33582191e-07 -7.46069873e-14 -3.64244382e-06]
Q[(8, 6, 0)] error: [-1.82367661e-05 -3.26815523e-05 -5.32907052e-14]
Q[(8, 6, 1)] error: [-2.93858310e-06 -6.60106906e-01 -1.33198065e-01]
Q[(8, 6, 2)] error: [-0.24777526 -0.27658303 -0.21987621]
Q[(8, 6, 3)] error: [-6.85961325e-01 -1.69237340e-06 -3.20853038e-01]
Q[(8, 8, 0)] error: [-4.47855441e-01 -1.87453336e-04 -2.10816963e-04]
Q[(8, 8, 1)] error: [-1.82859286e-01 -8.07216292e-01 -1.56220454e-05]
Q[(8, 8, 2)] error: [-0.06578544 -0.86709996 -0.29886409]
Q[(8, 8, 3)] error: [-0.21693759 -0.18554032 -0.71131279]
Q[(8, 9, 0)] error: [-3.18886254e-01 -1.11638358e-04 -1.32219045e-04]
Q[(8, 9, 1)] error: [-2.55315497e-02 -8.31304110e-02 -2.70265392e-08]
Q[(8, 9, 2)] error: [-0.00103501 -0.47796187 -0.58379285]
Q[(8, 9, 3)] error: [-0.07972422 -0.09018179 -1.34238066]
Q[(8, 10, 0)] error: [-3.41177714e-03 -5.44178047e-04 -2.84217094e-14]
Q[(8, 10, 1)] error: [-3.33020119e-04 -2.30250503e-02 -1.16668097e-09]
Q[(8, 10, 2)] error: [-0.00201856 -0.17285326 -0.31922252]
Q[(8, 10, 3)] error: [-7.21359504e-02 -3.40262426e-04 -5.72102200e-01]
Q[(8, 11, 0)] error: [-1.06000174e-03 -4.02365569e-06 -3.19744231e-14]
Q[(8, 11, 1)] error: [-5.77666232e-05 -4.25337492e-03 -1.67563741e-11]
Q[(8, 11, 2)] error: [-0.00135413 -0.06431801 -0.11529261]
Q[(8, 11, 3)] error: [-1.84992448e-01 -1.39466081e-04 -4.86816042e-02]
Q[(8, 12, 0)] error: [-9.87608391e-05 -8.62259161e-06 -2.13162821e-14]
Q[(8, 12, 1)] error: [-6.68719378e-05 -1.53023520e-03 -2.30926389e-13]
Q[(8, 12, 2)] error: [-0.00049564 -0.00357459 -0.01515453]
Q[(8, 12, 3)] error: [-2.80478078e-02 -2.45319676e-07 -1.92239537e-01]
Q[(8, 13, 0)] error: [-2.19869563e-05 -6.43217407e-06 -1.77635684e-14]
Q[(8, 13, 1)] error: [-1.74342717e-05 -2.01416715e-05 -2.13162821e-14]
Q[(8, 13, 2)] error: [-1.39610457e-06 -1.44952387e-02 -1.15872383e-02]
Q[(8, 13, 3)] error: [-2.43732454e-03 -5.07364865e-07 -6.52578976e-03]
Q[(8, 14, 0)] error: [-2.05713357e-07 -3.38696182e-10 -1.42108547e-14]
Q[(8, 14, 1)] error: [-7.07693236e-07 -1.58947687e-06 -1.42108547e-14]
Q[(8, 14, 2)] error: [-7.47105489e-10 -3.76485685e-04 -2.38229178e-03]
Q[(8, 14, 3)] error: [-1.83721318e-06 -5.08228126e-10 -5.07785319e-04]
Q[(8, 15, 0)] error: [-1.42108547e-14 -1.42108547e-14 -7.99360578e-15]
Q[(8, 15, 1)] error: [-9.76996262e-15 -5.27577981e-13 -1.42108547e-14]
Q[(8, 15, 2)] error: [-1.36779477e-13 -1.74082970e-13 -5.01932895e-08]
Q[(8, 15, 3)] error: [-5.62643976e-09 -9.76996262e-15 -3.24440759e-08]
Q[(9, 1, 0)] error: [-2.64737685e-05 -9.59232693e-14 -9.59232693e-14]
Q[(9, 1, 1)] error: [-7.11391958e-03 -3.57328610e-03 -8.88178420e-14]
Q[(9, 1, 2)] error: [-2.79176664e-07 -6.02562491e-02 -1.75047653e-02]
Q[(9, 1, 3)] error: [-1.09506543e-05 -8.61182240e-06 -4.00469834e-03]
Q[(9, 2, 0)] error: [-8.88178420e-14 -8.88178420e-14 -7.46069873e-14]
Q[(9, 2, 1)] error: [-8.17124146e-14 -8.10155845e-06 -8.17124146e-14]
Q[(9, 2, 2)] error: [-1.21782915e-06 -9.71890813e-07 -2.42487420e-03]
Q[(9, 2, 3)] error: [-3.17057419e-05 -8.17124146e-14 -1.84189364e-03]
Q[(9, 3, 0)] error: [-8.17124146e-14 -1.59872116e-13 -6.75015599e-14]
Q[(9, 3, 1)] error: [-7.46069873e-14 -8.09383948e-07 -7.46069873e-14]
Q[(9, 3, 2)] error: [-4.32152696e-08 -5.12588016e-08 -8.84766180e-04]
Q[(9, 3, 3)] error: [-1.90531292e-06 -7.46069873e-14 -1.47022182e-05]
Q[(9, 4, 0)] error: [-7.46069873e-14 -7.46069873e-14 -6.03961325e-14]
Q[(9, 4, 1)] error: [-6.75015599e-14 -1.17842447e-09 -9.94901939e-11]
Q[(9, 4, 2)] error: [-1.50265578e-10 -1.36441969e-10 -6.01840740e-06]
Q[(9, 4, 3)] error: [-1.07455520e-07 -6.75015599e-14 -4.83249174e-08]
Q[(9, 6, 0)] error: [-1.19771672e-03 -4.61852778e-14 -4.61852778e-14]
Q[(9, 6, 1)] error: [-1.65984675e-02 -3.57352785e-02 -3.90798505e-14]
Q[(9, 6, 2)] error: [-2.97039756e-06 -4.97468807e-01 -2.01945143e+00]
Q[(9, 6, 3)] error: [-4.76105022e-04 -5.12043315e-04 -7.12023624e-01]
Q[(9, 7, 0)] error: [-1.95238537 -0.10662481 -0.19619537]
Q[(9, 7, 1)] error: [-3.37574548e-01 -3.52966636e-02 -3.55271368e-14]
Q[(9, 7, 2)] error: [-0.0037498 -1.3810582 -0.4127072]
Q[(9, 7, 3)] error: [-0.65891788 -0.83180949 -0.97871719]
Q[(9, 8, 0)] error: [-1.75131187e-01 -9.71926116e-05 -1.21649321e-04]
Q[(9, 8, 1)] error: [-1.13832087e-02 -1.22795683e-02 -3.19744231e-14]
Q[(9, 8, 2)] error: [-7.09672128e-04 -1.40187143e+00 -3.28274252e-01]
Q[(9, 8, 3)] error: [-0.08735388 -0.08191798 -1.45028658]
Q[(9, 9, 0)] error: [-1.43392740e-01 -5.84761690e-05 -5.64342843e-05]
Q[(9, 9, 1)] error: [-8.19366346e-04 -2.39308603e-03 -2.84217094e-14]
Q[(9, 9, 2)] error: [-1.96326487e-04 -9.60648647e-01 -4.95187308e-02]
Q[(9, 9, 3)] error: [-0.06701138 -0.05715053 -0.56769381]
Q[(9, 10, 0)] error: [-3.09534171e-03 -4.91552973e-05 -2.48689958e-14]
Q[(9, 10, 1)] error: [-8.43323055e-06 -5.65728172e-04 -2.48689958e-14]
Q[(9, 10, 2)] error: [-6.28833433e-05 -3.17933195e-02 -2.39570328e-01]
Q[(9, 10, 3)] error: [-7.45036880e-02 -7.99990759e-05 -9.23191860e-01]
Q[(9, 11, 0)] error: [-4.44159153e-05 -1.41753733e-04 -2.13162821e-14]
Q[(9, 11, 1)] error: [-1.12133111e-05 -1.12071224e-04 -2.13162821e-14]
Q[(9, 11, 2)] error: [-1.59689050e-07 -8.54937843e-03 -2.12624887e-01]
Q[(9, 11, 3)] error: [-2.07992439e-03 -5.86440064e-06 -1.59133396e-02]
Q[(9, 12, 0)] error: [-5.80419048e-05 -1.04784486e-06 -1.77635684e-14]
Q[(9, 12, 1)] error: [-2.85561443e-06 -1.81217654e-06 -1.77635684e-14]
Q[(9, 12, 2)] error: [-8.23043838e-08 -1.98462246e-03 -7.69276605e-03]
Q[(9, 12, 3)] error: [-1.65271985e-03 -8.78915918e-07 -3.70600714e-03]
Q[(9, 13, 0)] error: [-4.18986023e-06 -4.53513582e-08 -1.42108547e-14]
Q[(9, 13, 1)] error: [-6.12051849e-08 -4.18314023e-08 -1.42108547e-14]
Q[(9, 13, 2)] error: [-7.68348940e-10 -7.52779797e-04 -2.13542780e-03]
Q[(9, 13, 3)] error: [-1.20067284e-04 -1.24830303e-07 -4.64376714e-04]
Q[(9, 14, 0)] error: [-2.63173252e-08 -3.63050034e-10 -9.76996262e-15]
Q[(9, 14, 1)] error: [-1.95152339e-10 -3.93565838e-08 -9.76996262e-15]
Q[(9, 14, 2)] error: [-9.71322578e-10 -2.43515097e-06 -8.28820629e-06]
Q[(9, 14, 3)] error: [-1.15741555e-06 -1.09849907e-11 -5.61672885e-05]
Q[(9, 15, 0)] error: [-9.76996262e-15 -9.76996262e-15 -6.21724894e-15]
Q[(9, 15, 1)] error: [-7.99360578e-15 -9.05941988e-14 -9.76996262e-15]
Q[(9, 15, 2)] error: [-1.77635684e-14 -2.93098879e-14 -8.60096101e-08]
Q[(9, 15, 3)] error: [-1.58925317e-10 -7.99360578e-15 -1.36088829e-08]
Q[(10, 1, 0)] error: [-2.29088941e-04 -8.88178420e-14 -8.88178420e-14]
Q[(10, 1, 1)] error: [-3.18125120e-04 -6.73877499e-04 -8.17124146e-14]
Q[(10, 1, 2)] error: [-6.22245118e-07 -1.23390763e-01 -1.12988558e-02]
Q[(10, 1, 3)] error: [-5.32139306e-05 -6.52174803e-05 -5.44821627e-02]
Q[(10, 2, 0)] error: [-1.10134124e-13 -8.17124146e-14 -6.75015599e-14]
Q[(10, 2, 1)] error: [-7.46069873e-14 -6.93749739e-05 -7.46069873e-14]
Q[(10, 2, 2)] error: [-1.72283275e-05 -1.45864746e-05 -1.99962457e-03]
Q[(10, 2, 3)] error: [-8.44994302e-04 -7.46069873e-14 -4.24472487e-03]
Q[(10, 3, 0)] error: [-7.46069873e-14 -1.21147536e-12 -6.03961325e-14]
Q[(10, 3, 1)] error: [-6.75015599e-14 -5.10515945e-06 -6.75015599e-14]
Q[(10, 3, 2)] error: [-6.30385689e-07 -9.83918884e-07 -5.75262189e-04]
Q[(10, 3, 3)] error: [-1.02460341e-05 -6.75015599e-14 -1.01840410e-05]
Q[(10, 4, 0)] error: [-6.75015599e-14 -6.75015599e-14 -5.32907052e-14]
Q[(10, 4, 1)] error: [-6.03961325e-14 -1.91512584e-10 -1.13686838e-13]
Q[(10, 4, 2)] error: [-4.57767158e-11 -5.17061949e-11 -2.41416984e-06]
Q[(10, 4, 3)] error: [-9.40912095e-08 -6.03961325e-14 -2.55272035e-08]
Q[(10, 6, 0)] error: [-2.69953218e-03 -3.90798505e-14 -3.90798505e-14]
Q[(10, 6, 1)] error: [-1.64045243e-02 -6.49319884e-02 -3.55271368e-14]
Q[(10, 6, 2)] error: [-5.13925728e-05 -6.21507358e-01 -1.08580995e-01]
Q[(10, 6, 3)] error: [-0.00101543 -0.00142852 -0.39001899]
Q[(10, 7, 0)] error: [-1.318022   -0.02279859 -0.0205845 ]
Q[(10, 7, 1)] error: [-6.91231330e-02 -2.56236130e-02 -3.19744231e-14]
Q[(10, 7, 2)] error: [-1.05883726e-03 -1.25394307e+00 -5.93274532e-01]
Q[(10, 7, 3)] error: [-0.46400011 -0.52180172 -1.48903308]
Q[(10, 8, 0)] error: [-8.83594827e-02 -4.30810174e-05 -4.83985440e-05]
Q[(10, 8, 1)] error: [-5.11777563e-03 -2.36821855e-03 -2.84217094e-14]
Q[(10, 8, 2)] error: [-9.97437020e-05 -5.40167052e-01 -1.83030555e-01]
Q[(10, 8, 3)] error: [-0.03719146 -0.02858955 -1.42975442]
Q[(10, 9, 0)] error: [-4.63956860e-02 -2.04342842e-05 -2.56252656e-05]
Q[(10, 9, 1)] error: [-1.54769350e-03 -2.34624041e-03 -2.48689958e-14]
Q[(10, 9, 2)] error: [-5.62804512e-05 -1.22467127e-01 -3.37320595e-01]
Q[(10, 9, 3)] error: [-0.00914627 -0.01329508 -0.48704376]
Q[(10, 10, 0)] error: [-1.69435637e-04 -2.99326188e-05 -2.13162821e-14]
Q[(10, 10, 1)] error: [-2.39070445e-06 -3.47948830e-04 -2.13162821e-14]
Q[(10, 10, 2)] error: [-6.09868460e-06 -1.42797191e-02 -1.34027222e-01]
Q[(10, 10, 3)] error: [-6.65906010e-03 -6.94177232e-06 -1.39192153e-01]
Q[(10, 11, 0)] error: [-1.43541674e-05 -1.84424586e-05 -1.77635684e-14]
Q[(10, 11, 1)] error: [-5.18684922e-06 -1.01496796e-05 -1.77635684e-14]
Q[(10, 11, 2)] error: [-9.29034218e-07 -1.31160346e-03 -3.46825147e-03]
Q[(10, 11, 3)] error: [-4.12845836e-04 -8.33527722e-07 -7.76489784e-03]
Q[(10, 12, 0)] error: [-1.38433480e-06 -2.81411345e-06 -1.42108547e-14]
Q[(10, 12, 1)] error: [-1.05274834e-06 -7.11066495e-06 -1.42108547e-14]
Q[(10, 12, 2)] error: [-1.66973699e-07 -9.30036988e-04 -1.85357103e-04]
Q[(10, 12, 3)] error: [-5.01623302e-04 -1.94123039e-07 -8.40617384e-04]
Q[(10, 13, 0)] error: [-8.54669029e-08 -3.17085025e-10 -9.76996262e-15]
Q[(10, 13, 1)] error: [-2.94465501e-08 -7.37834362e-08 -9.76996262e-15]
Q[(10, 13, 2)] error: [-2.12896367e-11 -1.50598276e-04 -3.40239750e-05]
Q[(10, 13, 3)] error: [-8.34276950e-08 -2.95486480e-09 -1.03559888e-04]
Q[(10, 14, 0)] error: [-6.85851376e-12 -6.04849504e-13 -7.99360578e-15]
Q[(10, 14, 1)] error: [-4.33431069e-13 -8.49507131e-11 -7.99360578e-15]
Q[(10, 14, 2)] error: [-1.77635684e-14 -3.62478064e-07 -7.40028252e-07]
Q[(10, 14, 3)] error: [-3.53841223e-09 -9.76996262e-15 -3.56613650e-06]
Q[(10, 15, 0)] error: [-7.99360578e-15 -7.99360578e-15 -4.44089210e-15]
Q[(10, 15, 1)] error: [-6.21724894e-15 -9.76996262e-15 -7.99360578e-15]
Q[(10, 15, 2)] error: [-7.99360578e-15 -7.99360578e-15 -8.48334736e-11]
Q[(10, 15, 3)] error: [-8.92015350e-11 -6.21724894e-15 -3.34843264e-12]
Q[(11, 1, 0)] error: [-6.56417037e-05 -8.17124146e-14 -8.17124146e-14]
Q[(11, 1, 1)] error: [-1.88515070e-04 -2.95489193e-04 -7.46069873e-14]
Q[(11, 1, 2)] error: [-6.27593231e-08 -1.92405027e-02 -1.88302768e-02]
Q[(11, 1, 3)] error: [-1.17471136e-05 -9.00290832e-06 -1.13000012e-02]
Q[(11, 2, 0)] error: [-7.46069873e-14 -7.46069873e-14 -6.03961325e-14]
Q[(11, 2, 1)] error: [-6.75015599e-14 -1.80337367e-04 -6.75015599e-14]
Q[(11, 2, 2)] error: [-6.78156225e-06 -8.04209398e-06 -3.84119090e-03]
Q[(11, 2, 3)] error: [-9.24634321e-05 -6.75015599e-14 -5.23756930e-04]
Q[(11, 3, 0)] error: [-6.75015599e-14 -6.75015599e-14 -5.32907052e-14]
Q[(11, 3, 1)] error: [-6.03961325e-14 -5.56208118e-07 -6.03961325e-14]
Q[(11, 3, 2)] error: [-1.11306626e-08 -7.73658826e-09 -2.54547259e-03]
Q[(11, 3, 3)] error: [-8.80308967e-07 -6.03961325e-14 -1.35302099e-05]
Q[(11, 4, 0)] error: [-6.03961325e-14 -6.03961325e-14 -4.61852778e-14]
Q[(11, 4, 1)] error: [-5.32907052e-14 -1.05586651e-11 -6.03961325e-14]
Q[(11, 4, 2)] error: [-2.56150656e-12 -2.23110419e-12 -6.94587989e-07]
Q[(11, 4, 3)] error: [-2.08605400e-09 -5.32907052e-14 -5.12603293e-10]
Q[(11, 6, 0)] error: [-4.96669241e-03 -3.55271368e-14 -3.55271368e-14]
Q[(11, 6, 1)] error: [-8.66912415e-03 -3.51264737e-03 -3.19744231e-14]
Q[(11, 6, 2)] error: [-2.26982298e-05 -2.68179599e-01 -1.10490615e-01]
Q[(11, 6, 3)] error: [-0.00193152 -0.00219424 -0.07864829]
Q[(11, 7, 0)] error: [-0.31709907 -0.00139587 -0.00152235]
Q[(11, 7, 1)] error: [-1.50715148e-02 -3.35637120e-04 -2.84217094e-14]
Q[(11, 7, 2)] error: [-5.69665277e-05 -2.63631725e-01 -7.09539892e-02]
Q[(11, 7, 3)] error: [-0.04037721 -0.06921994 -0.17923421]
Q[(11, 8, 0)] error: [-1.94587952e-02 -9.35071412e-06 -1.06860372e-05]
Q[(11, 8, 1)] error: [-4.13988600e-04 -5.69492240e-04 -2.48689958e-14]
Q[(11, 8, 2)] error: [-1.47073580e-05 -3.51962759e-02 -1.09524849e-01]
Q[(11, 8, 3)] error: [-0.00496054 -0.00521753 -0.24792891]
Q[(11, 9, 0)] error: [-3.61461059e-03 -2.43426779e-06 -2.95218884e-06]
Q[(11, 9, 1)] error: [-7.50581868e-05 -1.82755082e-04 -2.13162821e-14]
Q[(11, 9, 2)] error: [-1.43693214e-06 -7.07231114e-03 -6.26576907e-02]
Q[(11, 9, 3)] error: [-0.00056565 -0.0006591  -0.13698373]
Q[(11, 10, 0)] error: [-2.69950883e-07 -1.58924417e-06 -1.77635684e-14]
Q[(11, 10, 1)] error: [-4.56845761e-08 -4.28123393e-07 -1.77635684e-14]
Q[(11, 10, 2)] error: [-1.04462821e-08 -1.72576234e-04 -1.65695875e-03]
Q[(11, 10, 3)] error: [-3.64332574e-04 -8.39318837e-09 -3.78735047e-02]
Q[(11, 11, 0)] error: [-2.67772732e-07 -1.14299470e-06 -1.42108547e-14]
Q[(11, 11, 1)] error: [-2.38980117e-07 -7.29522881e-07 -1.42108547e-14]
Q[(11, 11, 2)] error: [-3.29427863e-09 -7.13110500e-05 -1.06203946e-03]
Q[(11, 11, 3)] error: [-1.22646583e-05 -9.59708402e-09 -2.61198011e-03]
Q[(11, 12, 0)] error: [-4.82135145e-06 -1.73369497e-08 -9.76996262e-15]
Q[(11, 12, 1)] error: [-9.84485382e-10 -1.16244667e-08 -9.76996262e-15]
Q[(11, 12, 2)] error: [-8.86242191e-11 -3.26544843e-06 -4.18869246e-05]
Q[(11, 12, 3)] error: [-9.85846073e-06 -1.40655843e-09 -2.49367790e-04]
Q[(11, 13, 0)] error: [-5.02891062e-09 -4.58744154e-11 -7.99360578e-15]
Q[(11, 13, 1)] error: [-1.75020620e-09 -5.09710691e-08 -7.99360578e-15]
Q[(11, 13, 2)] error: [-1.68753900e-12 -6.33557201e-06 -1.61670665e-06]
Q[(11, 13, 3)] error: [-9.02022443e-07 -4.53264093e-11 -5.22746285e-07]
Q[(11, 14, 0)] error: [-1.93622895e-12 -3.93463040e-13 -6.21724894e-15]
Q[(11, 14, 1)] error: [-6.91890989e-13 -8.47322212e-13 -6.21724894e-15]
Q[(11, 14, 2)] error: [-8.88178420e-15 -1.32863118e-07 -4.37411884e-09]
Q[(11, 14, 3)] error: [-1.11362368e-08 -9.76996262e-15 -1.91846929e-08]
Q[(11, 15, 0)] error: [-6.21724894e-15 -6.21724894e-15 -2.66453526e-15]
Q[(11, 15, 1)] error: [-4.44089210e-15 -7.99360578e-15 -6.21724894e-15]
Q[(11, 15, 2)] error: [-6.21724894e-15 -6.21724894e-15 -9.41469125e-14]
Q[(11, 15, 3)] error: [-1.99662509e-12 -4.44089210e-15 -2.57038835e-12]
Q[(12, 1, 0)] error: [-3.94879762e-04 -7.46069873e-14 -7.46069873e-14]
Q[(12, 1, 1)] error: [-1.08295633e-03 -4.87775204e-04 -6.75015599e-14]
Q[(12, 1, 2)] error: [-1.96606802e-07 -2.46976175e-02 -7.31137004e-03]
Q[(12, 1, 3)] error: [-9.34492618e-06 -1.05445817e-05 -6.81240887e-03]
Q[(12, 2, 0)] error: [-6.75015599e-14 -6.75015599e-14 -5.32907052e-14]
Q[(12, 2, 1)] error: [-6.03961325e-14 -1.10072391e-05 -6.03961325e-14]
Q[(12, 2, 2)] error: [-5.64343701e-07 -7.16926834e-07 -3.15859541e-04]
Q[(12, 2, 3)] error: [-2.10429409e-05 -6.03961325e-14 -1.03511071e-04]
Q[(12, 3, 0)] error: [-6.03961325e-14 -6.03961325e-14 -4.61852778e-14]
Q[(12, 3, 1)] error: [-5.32907052e-14 -4.63953981e-07 -5.32907052e-14]
Q[(12, 3, 2)] error: [-7.81562193e-09 -6.86607038e-09 -1.14296106e-05]
Q[(12, 3, 3)] error: [-2.61658940e-07 -5.32907052e-14 -2.06888622e-08]
Q[(12, 4, 0)] error: [-5.32907052e-14 -5.32907052e-14 -3.90798505e-14]
Q[(12, 4, 1)] error: [-4.61852778e-14 -6.75015599e-14 -5.32907052e-14]
Q[(12, 4, 2)] error: [-5.32907052e-14 -5.32907052e-14 -1.24205290e-07]
Q[(12, 4, 3)] error: [-5.79401416e-10 -4.61852778e-14 -2.78959078e-11]
Q[(12, 6, 0)] error: [-7.27756138e-04 -3.19744231e-14 -3.19744231e-14]
Q[(12, 6, 1)] error: [-4.52081614e-03 -2.56471232e-03 -2.84217094e-14]
Q[(12, 6, 2)] error: [-7.92117557e-06 -1.26950846e-02 -3.75855291e-02]
Q[(12, 6, 3)] error: [-0.00033003 -0.0002112  -0.02191531]
Q[(12, 7, 0)] error: [-1.62886791e-02 -6.68040326e-06 -5.39628235e-06]
Q[(12, 7, 1)] error: [-5.44649477e-05 -9.72434469e-05 -2.48689958e-14]
Q[(12, 7, 2)] error: [-5.44905076e-07 -1.00713619e-02 -8.92149749e-03]
Q[(12, 7, 3)] error: [-0.00082457 -0.0008693  -0.09375819]
Q[(12, 8, 0)] error: [-3.43936896e-03 -8.29055715e-07 -9.65152838e-07]
Q[(12, 8, 1)] error: [-3.10973500e-05 -1.34769937e-06 -2.13162821e-14]
Q[(12, 8, 2)] error: [-4.21702140e-09 -2.07103510e-03 -1.27595478e-03]
Q[(12, 8, 3)] error: [-0.00034673 -0.00033197 -0.01024148]
Q[(12, 9, 0)] error: [-1.49321808e-04 -1.57352904e-08 -1.69759478e-08]
Q[(12, 9, 1)] error: [-2.13917154e-07 -2.81856131e-07 -1.77635684e-14]
Q[(12, 9, 2)] error: [-8.66863914e-10 -9.18540785e-05 -4.91492355e-04]
Q[(12, 9, 3)] error: [-6.88472575e-06 -6.83448660e-06 -1.68280140e-02]
Q[(12, 10, 0)] error: [-1.92271779e-06 -1.45359904e-06 -1.42108547e-14]
Q[(12, 10, 1)] error: [-6.26994172e-08 -1.12205074e-07 -1.42108547e-14]
Q[(12, 10, 2)] error: [-4.17056967e-09 -1.00256209e-05 -1.73544246e-05]
Q[(12, 10, 3)] error: [-6.32025042e-05 -2.67670632e-08 -7.30148129e-04]
Q[(12, 11, 0)] error: [-5.98397872e-06 -8.86318681e-08 -9.76996262e-15]
Q[(12, 11, 1)] error: [-8.54427640e-12 -3.99088051e-09 -9.76996262e-15]
Q[(12, 11, 2)] error: [-6.71356304e-11 -1.06799676e-04 -6.57356344e-06]
Q[(12, 11, 3)] error: [-5.53781428e-05 -6.03948974e-07 -2.55305326e-05]
Q[(12, 12, 0)] error: [-1.96974881e-10 -2.49489318e-11 -7.99360578e-15]
Q[(12, 12, 1)] error: [-3.09086090e-13 -3.34074457e-09 -7.99360578e-15]
Q[(12, 12, 2)] error: [-1.33582034e-12 -5.38478016e-06 -5.47625904e-07]
Q[(12, 12, 3)] error: [-2.96247915e-07 -1.91757721e-12 -6.80325379e-05]
Q[(12, 13, 0)] error: [-4.55724347e-12 -6.91890989e-13 -6.21724894e-15]
Q[(12, 13, 1)] error: [-5.59552404e-14 -4.05364631e-12 -6.21724894e-15]
Q[(12, 13, 2)] error: [-2.75335310e-14 -6.93124669e-10 -7.79170861e-09]
Q[(12, 13, 3)] error: [-3.51808209e-08 -7.99360578e-15 -3.63380916e-08]
Q[(12, 14, 0)] error: [-1.03028697e-13 -9.76996262e-15 -4.44089210e-15]
Q[(12, 14, 1)] error: [-7.68274333e-13 -1.03428377e-11 -4.44089210e-15]
Q[(12, 14, 2)] error: [-9.76996262e-15 -2.92146991e-08 -8.61325233e-10]
Q[(12, 14, 3)] error: [-5.49180612e-09 -6.21724894e-15 -4.76241269e-11]
Q[(12, 15, 0)] error: [-4.44089210e-15 -4.44089210e-15 -1.77635684e-15]
Q[(12, 15, 1)] error: [-2.66453526e-15 -6.21724894e-15 -4.44089210e-15]
Q[(12, 15, 2)] error: [-4.44089210e-15 -4.44089210e-15 -7.99360578e-15]
Q[(12, 15, 3)] error: [-6.21724894e-15 -2.66453526e-15 -3.23296945e-13]
Q[(13, 1, 0)] error: [-9.24642292e-04 -6.75015599e-14 -4.58365390e-05]
Q[(13, 1, 1)] error: [-4.38071589e-05 -6.02399165e-04 -6.03961325e-14]
Q[(13, 1, 2)] error: [-5.80250507e-07 -4.01566653e-02 -1.75128327e-03]
Q[(13, 1, 3)] error: [-1.79789461e-05 -1.91749069e-05 -9.71805180e-04]
Q[(13, 2, 0)] error: [-6.03961325e-14 -6.03961325e-14 -4.61852778e-14]
Q[(13, 2, 1)] error: [-5.32907052e-14 -3.24144303e-07 -5.32907052e-14]
Q[(13, 2, 2)] error: [-2.67878164e-10 -3.13850279e-10 -1.64741732e-05]
Q[(13, 2, 3)] error: [-9.54016102e-08 -5.32907052e-14 -8.36668366e-05]
Q[(13, 3, 0)] error: [-5.32907052e-14 -5.32907052e-14 -3.90798505e-14]
Q[(13, 3, 1)] error: [-4.61852778e-14 -1.48428825e-10 -4.61852778e-14]
Q[(13, 3, 2)] error: [-5.32907052e-14 -5.32907052e-14 -9.04319844e-07]
Q[(13, 3, 3)] error: [-1.29715616e-09 -4.61852778e-14 -2.74305023e-11]
Q[(13, 4, 0)] error: [-4.61852778e-14 -4.61852778e-14 -3.55271368e-14]
Q[(13, 4, 1)] error: [-3.90798505e-14 -5.32907052e-14 -4.61852778e-14]
Q[(13, 4, 2)] error: [-4.61852778e-14 -4.61852778e-14 -2.44178011e-11]
Q[(13, 4, 3)] error: [-2.66453526e-13 -3.90798505e-14 -6.53699317e-13]
Q[(13, 6, 0)] error: [-2.11673310e-05 -2.84217094e-14 -2.84217094e-14]
Q[(13, 6, 1)] error: [-7.07393987e-06 -9.62163757e-06 -2.48689958e-14]
Q[(13, 6, 2)] error: [-3.65929509e-13 -1.77837231e-05 -1.12455789e-03]
Q[(13, 6, 3)] error: [-9.41098815e-07 -7.96017382e-07 -3.16887775e-05]
Q[(13, 7, 0)] error: [-9.24753998e-05 -1.08296838e-09 -1.38277301e-09]
Q[(13, 7, 1)] error: [-9.75119008e-09 -5.58679947e-08 -2.13162821e-14]
Q[(13, 7, 2)] error: [-2.48689958e-14 -1.09365528e-05 -1.59879206e-04]
Q[(13, 7, 3)] error: [-2.16791380e-06 -2.55316567e-06 -1.53940331e-04]
Q[(13, 8, 0)] error: [-7.13699990e-05 -1.70210512e-11 -1.27080568e-11]
Q[(13, 8, 1)] error: [-1.04149578e-10 -9.97442129e-11 -1.77635684e-14]
Q[(13, 8, 2)] error: [-2.13162821e-14 -1.31362842e-05 -8.24145133e-07]
Q[(13, 8, 3)] error: [-1.06644131e-06 -1.39602495e-06 -2.83653282e-04]
Q[(13, 9, 0)] error: [-4.04251076e-06 -1.15072396e-11 -1.29674049e-11]
Q[(13, 9, 1)] error: [-8.94786467e-11 -1.56461510e-11 -1.42108547e-14]
Q[(13, 9, 2)] error: [-1.77635684e-14 -7.39327541e-06 -1.35398893e-06]
Q[(13, 9, 3)] error: [-3.87128276e-07 -2.95885259e-07 -8.63309884e-05]
Q[(13, 10, 0)] error: [-1.59396585e-09 -8.05595590e-11 -9.76996262e-15]
Q[(13, 10, 1)] error: [-1.95399252e-14 -1.17239551e-13 -9.76996262e-15]
Q[(13, 10, 2)] error: [-1.42108547e-14 -1.50334962e-08 -7.85042188e-07]
Q[(13, 10, 3)] error: [-2.38026624e-07 -1.79412041e-12 -9.65897026e-05]
Q[(13, 11, 0)] error: [-1.16173737e-12 -9.95648008e-13 -7.99360578e-15]
Q[(13, 11, 1)] error: [-9.76996262e-15 -1.42108547e-14 -7.99360578e-15]
Q[(13, 11, 2)] error: [-9.76996262e-15 -7.71397346e-09 -5.51204291e-07]
Q[(13, 11, 3)] error: [-1.38612091e-08 -1.33226763e-14 -2.94322779e-07]
Q[(13, 12, 0)] error: [-3.56781271e-12 -2.42295073e-12 -6.21724894e-15]
Q[(13, 12, 1)] error: [-8.88178420e-15 -2.30926389e-14 -6.21724894e-15]
Q[(13, 12, 2)] error: [-7.99360578e-15 -5.08306286e-10 -1.42176937e-09]
Q[(13, 12, 3)] error: [-6.06755369e-07 -7.99360578e-15 -9.36604394e-09]
Q[(13, 13, 0)] error: [-8.99724739e-13 -6.21724894e-15 -4.44089210e-15]
Q[(13, 13, 1)] error: [-6.21724894e-15 -7.99360578e-15 -4.44089210e-15]
Q[(13, 13, 2)] error: [-6.21724894e-15 -4.16082280e-10 -2.64899214e-11]
Q[(13, 13, 3)] error: [-5.47333645e-09 -6.21724894e-15 -2.67062639e-09]
Q[(13, 14, 0)] error: [-6.21724894e-15 -4.44089210e-15 -2.66453526e-15]
Q[(13, 14, 1)] error: [-4.44089210e-15 -6.21724894e-15 -2.66453526e-15]
Q[(13, 14, 2)] error: [-4.44089210e-15 -3.94999589e-11 -5.05088416e-10]
Q[(13, 14, 3)] error: [-6.09530204e-11 -4.44089210e-15 -3.55893093e-12]
Q[(13, 15, 0)] error: [-2.66453526e-15 -2.66453526e-15 -6.66133815e-16]
Q[(13, 15, 1)] error: [-1.77635684e-15 -4.44089210e-15 -2.66453526e-15]
Q[(13, 15, 2)] error: [-2.66453526e-15 -2.66453526e-15 -6.21724894e-15]
Q[(13, 15, 3)] error: [-4.44089210e-15 -1.77635684e-15 -6.21724894e-15]
Q[(14, 2, 0)] error: [-5.32907052e-14 -3.90798505e-14 -4.70734562e-12]
Q[(14, 2, 1)] error: [-4.61852778e-14 -4.61852778e-14 -3.55271368e-14]
Q[(14, 2, 2)] error: [-3.90798505e-14 -5.09317033e-11 -1.40390739e-08]
Q[(14, 2, 3)] error: [-4.61852778e-14 -4.61852778e-14 -3.52251561e-11]
Q[(14, 3, 0)] error: [-4.61852778e-14 -3.55271368e-14 -1.23989707e-12]
Q[(14, 3, 1)] error: [-3.90798505e-14 -3.90798505e-14 -3.19744231e-14]
Q[(14, 3, 2)] error: [-3.55271368e-14 -1.95399252e-13 -7.10542736e-14]
Q[(14, 3, 3)] error: [-3.90798505e-14 -3.90798505e-14 -6.18740614e-11]
Q[(14, 4, 0)] error: [-3.90798505e-14 -3.19744231e-14 -5.32907052e-14]
Q[(14, 4, 1)] error: [-3.55271368e-14 -3.55271368e-14 -2.84217094e-14]
Q[(14, 4, 2)] error: [-3.19744231e-14 -3.90798505e-14 -5.32907052e-14]
Q[(14, 4, 3)] error: [-3.55271368e-14 -3.55271368e-14 -4.61852778e-14]
Q[(14, 5, 0)] error: [-3.55271368e-14 -2.84217094e-14 -6.82121026e-13]
Q[(14, 5, 1)] error: [-3.19744231e-14 -3.19744231e-14 -2.48689958e-14]
Q[(14, 5, 2)] error: [-2.84217094e-14 -3.55271368e-14 -3.19744231e-14]
Q[(14, 5, 3)] error: [-3.19744231e-14 -3.19744231e-14 -2.84217094e-13]
Q[(14, 6, 0)] error: [-3.37507799e-14 -2.48689958e-14 -1.13686838e-13]
Q[(14, 6, 1)] error: [-2.84217094e-14 -2.84217094e-14 -2.13162821e-14]
Q[(14, 6, 2)] error: [-2.48689958e-14 -3.19744231e-14 -7.33635375e-12]
Q[(14, 6, 3)] error: [-2.84217094e-14 -2.84217094e-14 -8.71732908e-10]
Q[(14, 7, 0)] error: [-1.08357767e-13 -2.13162821e-14 -3.80140364e-13]
Q[(14, 7, 1)] error: [-2.48689958e-14 -2.48689958e-14 -1.77635684e-14]
Q[(14, 7, 2)] error: [-2.13162821e-14 -2.84217094e-14 -3.17967874e-13]
Q[(14, 7, 3)] error: [-2.48689958e-14 -2.48689958e-14 -1.23499788e-09]
Q[(14, 8, 0)] error: [-2.84217094e-14 -1.77635684e-14 -2.24087415e-11]
Q[(14, 8, 1)] error: [-2.13162821e-14 -2.13162821e-14 -1.42108547e-14]
Q[(14, 8, 2)] error: [-1.77635684e-14 -2.48689958e-14 -2.48689958e-14]
Q[(14, 8, 3)] error: [-2.13162821e-14 -2.13162821e-14 -3.60639341e-09]
Q[(14, 9, 0)] error: [-1.81188398e-13 -1.42108547e-14 -1.77635684e-14]
Q[(14, 9, 1)] error: [-1.77635684e-14 -1.77635684e-14 -9.76996262e-15]
Q[(14, 9, 2)] error: [-1.42108547e-14 -4.78870277e-11 -3.71613851e-12]
Q[(14, 9, 3)] error: [-2.30926389e-14 -2.48689958e-14 -4.16206358e-08]
Q[(14, 10, 0)] error: [-1.42108547e-14 -9.76996262e-15 -7.99360578e-15]
Q[(14, 10, 1)] error: [-9.76996262e-15 -1.42108547e-14 -7.99360578e-15]
Q[(14, 10, 2)] error: [-9.76996262e-15 -1.42108547e-14 -3.19744231e-12]
Q[(14, 10, 3)] error: [-2.05613304e-11 -9.76996262e-15 -1.46119437e-08]
Q[(14, 11, 0)] error: [-9.76996262e-15 -7.99360578e-15 -6.21724894e-15]
Q[(14, 11, 1)] error: [-7.99360578e-15 -9.76996262e-15 -6.21724894e-15]
Q[(14, 11, 2)] error: [-7.99360578e-15 -5.68434189e-14 -1.61648472e-13]
Q[(14, 11, 3)] error: [-1.28471189e-09 -7.99360578e-15 -1.17577059e-11]
Q[(14, 12, 0)] error: [-7.99360578e-15 -6.21724894e-15 -4.44089210e-15]
Q[(14, 12, 1)] error: [-6.21724894e-15 -7.99360578e-15 -4.44089210e-15]
Q[(14, 12, 2)] error: [-6.21724894e-15 -1.33226763e-14 -1.24344979e-13]
Q[(14, 12, 3)] error: [-5.71205305e-11 -6.21724894e-15 -6.21191987e-12]
Q[(14, 13, 0)] error: [-6.21724894e-15 -4.44089210e-15 -2.66453526e-15]
Q[(14, 13, 1)] error: [-4.44089210e-15 -6.21724894e-15 -2.66453526e-15]
Q[(14, 13, 2)] error: [-4.44089210e-15 -3.37507799e-14 -1.59872116e-14]
Q[(14, 13, 3)] error: [-4.60342875e-12 -4.44089210e-15 -1.86517468e-13]
Q[(14, 14, 0)] error: [-4.44089210e-15 -2.66453526e-15 -1.77635684e-15]
Q[(14, 14, 1)] error: [-2.66453526e-15 -4.44089210e-15 -1.77635684e-15]
Q[(14, 14, 2)] error: [-2.66453526e-15 -4.44089210e-15 -6.21724894e-15]
Q[(14, 14, 3)] error: [-3.19744231e-14 -2.66453526e-15 -1.38555833e-13]
Q[(14, 15, 0)] error: [-1.77635684e-15 -1.77635684e-15 -2.22044605e-16]
Q[(14, 15, 1)] error: [-6.66133815e-16 -2.66453526e-15 -1.77635684e-15]
Q[(14, 15, 2)] error: [-1.77635684e-15 -1.77635684e-15 -4.44089210e-15]
Q[(14, 15, 3)] error: [-2.66453526e-15 -6.66133815e-16 -4.44089210e-15]
Q[(15, 1, 0)] error: [-0.05738043 -0.0007099  -0.01749048]
Q[(15, 1, 1)] error: [-5.81607496e-02 -1.05936588e-02 -3.28219446e-05]
Q[(15, 1, 2)] error: [-0.00076982 -0.03952367 -0.02236567]
Q[(15, 1, 3)] error: [-0.00387104 -0.0034828  -0.04502456]
Q[(15, 2, 0)] error: [-2.79598567e-12 -2.93809421e-12 -9.09764434e-07]
Q[(15, 2, 1)] error: [-1.02501982e-05 -1.32516220e-12 -1.28608235e-12]
Q[(15, 2, 2)] error: [-8.67482627e-05 -2.09147514e-05 -4.61852778e-14]
Q[(15, 2, 3)] error: [-6.39488462e-14 -9.61596952e-05 -7.93528313e-03]
Q[(15, 3, 0)] error: [-6.50146603e-13 -6.18172180e-13 -8.39917647e-09]
Q[(15, 3, 1)] error: [-2.08781614e-09 -4.61852778e-14 -4.61852778e-14]
Q[(15, 3, 2)] error: [-1.15241157e-06 -1.71839289e-07 -3.90798505e-14]
Q[(15, 3, 3)] error: [-4.61852778e-14 -9.24571917e-06 -1.39714910e-07]
Q[(15, 4, 0)] error: [-4.61852778e-14 -4.61852778e-14 -1.87938554e-12]
Q[(15, 4, 1)] error: [-1.39017686e-11 -3.90798505e-14 -3.90798505e-14]
Q[(15, 4, 2)] error: [-8.92335095e-10 -1.37162459e-09 -3.55271368e-14]
Q[(15, 4, 3)] error: [-3.90798505e-14 -7.76821807e-09 -5.25634647e-09]
Q[(15, 5, 0)] error: [-8.70414851e-14 -9.59232693e-14 -2.94388158e-09]
Q[(15, 5, 1)] error: [-3.52894602e-10 -3.55271368e-14 -3.55271368e-14]
Q[(15, 5, 2)] error: [-1.92293470e-09 -1.27560416e-08 -3.19744231e-14]
Q[(15, 5, 3)] error: [-3.55271368e-14 -1.29837009e-07 -4.66022136e-08]
Q[(15, 6, 0)] error: [-5.50670620e-14 -5.15143483e-14 -1.62911462e-10]
Q[(15, 6, 1)] error: [-2.16305196e-10 -3.19744231e-14 -3.19744231e-14]
Q[(15, 6, 2)] error: [-9.42188027e-07 -8.03144218e-10 -2.84217094e-14]
Q[(15, 6, 3)] error: [-3.19744231e-14 -1.60956949e-07 -3.34005357e-09]
Q[(15, 7, 0)] error: [-4.79616347e-14 -5.50670620e-14 -2.58807606e-08]
Q[(15, 7, 1)] error: [-1.32866163e-10 -2.84217094e-14 -2.84217094e-14]
Q[(15, 7, 2)] error: [-1.08832857e-07 -4.54633859e-08 -2.48689958e-14]
Q[(15, 7, 3)] error: [-2.84217094e-14 -7.62067280e-07 -1.79508572e-07]
Q[(15, 8, 0)] error: [-6.19948537e-12 -7.93320964e-12 -2.67095057e-08]
Q[(15, 8, 1)] error: [-2.91911881e-08 -2.48689958e-14 -2.55546695e-11]
Q[(15, 8, 2)] error: [-1.52684621e-09 -1.42944499e-07 -2.13162821e-14]
Q[(15, 8, 3)] error: [-1.13686838e-13 -1.03931195e-05 -6.41310095e-06]
Q[(15, 10, 0)] error: [-9.76996262e-15 -6.21724894e-15 -7.99360578e-15]
Q[(15, 10, 1)] error: [-7.99360578e-15 -7.99360578e-15 -4.44089210e-15]
Q[(15, 10, 2)] error: [-6.21724894e-15 -1.11022302e-13 -1.27045041e-11]
Q[(15, 10, 3)] error: [-7.99360578e-15 -7.99360578e-15 -6.30606678e-14]
Q[(15, 11, 0)] error: [-7.99360578e-15 -4.44089210e-15 -6.21724894e-15]
Q[(15, 11, 1)] error: [-6.21724894e-15 -6.21724894e-15 -2.66453526e-15]
Q[(15, 11, 2)] error: [-4.44089210e-15 -7.99360578e-14 -6.69686528e-13]
Q[(15, 11, 3)] error: [-6.21724894e-15 -6.21724894e-15 -9.03277453e-13]
Q[(15, 12, 0)] error: [-6.21724894e-15 -2.66453526e-15 -4.44089210e-15]
Q[(15, 12, 1)] error: [-4.44089210e-15 -4.44089210e-15 -1.77635684e-15]
Q[(15, 12, 2)] error: [-2.66453526e-15 -8.88178420e-15 -7.99360578e-15]
Q[(15, 12, 3)] error: [-4.44089210e-15 -4.44089210e-15 -4.43911574e-12]
Q[(15, 13, 0)] error: [-4.44089210e-15 -1.77635684e-15 -2.66453526e-15]
Q[(15, 13, 1)] error: [-2.66453526e-15 -2.66453526e-15 -6.66133815e-16]
Q[(15, 13, 2)] error: [-1.77635684e-15 -4.44089210e-15 -6.21724894e-15]
Q[(15, 13, 3)] error: [-2.66453526e-15 -2.66453526e-15 -6.21724894e-15]
Q[(15, 14, 0)] error: [-2.66453526e-15 -6.66133815e-16 -1.77635684e-15]
Q[(15, 14, 1)] error: [-1.77635684e-15 -1.77635684e-15 -2.22044605e-16]
Q[(15, 14, 2)] error: [-6.66133815e-16 -3.10862447e-15 -4.44089210e-15]
Q[(15, 14, 3)] error: [-1.77635684e-15 -1.77635684e-15 -3.62376795e-13]
Q[(15, 15, 0)] error: [0. 0. 0.]
Q[(15, 15, 1)] error: [0. 0. 0.]
Q[(15, 15, 2)] error: [0. 0. 0.]
Q[(15, 15, 3)] error: [0. 0. 0.]
