Q[(1, 1, 0)] error: [-0.48937121  0.1448538   0.37434379]
Q[(1, 1, 1)] error: [-0.15511086  0.03705795 -0.38238669]
Q[(1, 1, 2)] error: [-0.19028416 -0.16770582 -0.44815595]
Q[(1, 1, 3)] error: [-0.19930871  0.8120684   0.82053594]
Q[(1, 2, 0)] error: [0.65528266 0.04512475 0.0929405 ]
Q[(1, 2, 1)] error: [-0.16418287 -0.95293666 -0.04420724]
Q[(1, 2, 2)] error: [-0.06596705  0.32251503 -0.04202718]
Q[(1, 2, 3)] error: [ 0.50965891 -0.18833999 -0.14072151]
Q[(1, 3, 0)] error: [ 0.22346008  1.11705162 -0.28581402]
Q[(1, 3, 1)] error: [-0.25768486  0.31996085  0.02984594]
Q[(1, 3, 2)] error: [ 0.12850456 -0.01835009 -0.27566955]
Q[(1, 3, 3)] error: [-0.08521552  0.14450704  0.27511371]
Q[(1, 4, 0)] error: [-0.3276998  -0.92722707 -0.01268607]
Q[(1, 4, 1)] error: [-0.09477455  0.46607768 -0.68954708]
Q[(1, 4, 2)] error: [ 0.57936944  0.01691064 -0.07834957]
Q[(1, 4, 3)] error: [-0.12566917  0.43456579 -0.90345959]
Q[(1, 5, 0)] error: [ 0.06519225 -0.26186434  0.2014969 ]
Q[(1, 5, 1)] error: [0.04418225 0.37167184 0.12702468]
Q[(1, 5, 2)] error: [ 0.18419106 -0.62915716  0.00854329]
Q[(1, 5, 3)] error: [ 0.21721367 -0.11605207 -0.46093361]
Q[(1, 6, 0)] error: [-0.54347994  0.4525399  -1.17816545]
Q[(1, 6, 1)] error: [-0.13246711  0.51174947  0.42725574]
Q[(1, 6, 2)] error: [0.1975586  0.65811034 0.69670812]
Q[(1, 6, 3)] error: [-0.18785758  0.39574302 -0.2824098 ]
Q[(1, 7, 0)] error: [ 0.19854173  0.2241597  -0.39387975]
Q[(1, 7, 1)] error: [1.28381739 0.41887255 0.34749708]
Q[(1, 7, 2)] error: [0.56935679 0.55669481 0.43888625]
Q[(1, 7, 3)] error: [ 0.0375652  -0.15355777  0.20365845]
Q[(1, 9, 0)] error: [-1.04594286 -3.77824092 -2.77883641]
Q[(1, 9, 1)] error: [-2.16477819 -4.08726293 -3.36911571]
Q[(1, 9, 2)] error: [-2.19234667 -3.16704531 -3.36660161]
Q[(1, 9, 3)] error: [-2.1803082  -3.37819788 -3.3135324 ]
Q[(1, 10, 0)] error: [-1.45848841 -4.55019974 -3.5098647 ]
Q[(1, 10, 1)] error: [-1.49804719 -3.58998483 -3.05192618]
Q[(1, 10, 2)] error: [-2.1426456  -2.79795482 -2.96064204]
Q[(1, 10, 3)] error: [-2.43721028 -4.00767377 -3.74398397]
Q[(1, 11, 0)] error: [-0.30312792 -3.60435823 -2.17860697]
Q[(1, 11, 1)] error: [-0.64908843 -2.91670007 -1.82161481]
Q[(1, 11, 2)] error: [-2.24099014 -3.07709277 -3.30277358]
Q[(1, 11, 3)] error: [-2.087084   -4.64471715 -3.9500853 ]
Q[(1, 12, 0)] error: [-0.84633931 -3.96216469 -1.79983352]
Q[(1, 12, 1)] error: [-0.38014187 -2.46181556 -1.33086431]
Q[(1, 12, 2)] error: [-1.52152564 -2.62346619 -2.66077594]
Q[(1, 12, 3)] error: [-1.83570796 -4.16351103 -4.10290409]
Q[(1, 13, 0)] error: [-0.35171276 -3.10228032 -1.88689396]
Q[(1, 13, 1)] error: [-0.73650169 -1.84350437 -0.70693237]
Q[(1, 13, 2)] error: [-1.01556216 -1.67334261 -1.8181834 ]
Q[(1, 13, 3)] error: [-0.95560942 -3.87337519 -3.17655455]
Q[(1, 14, 0)] error: [-0.21991053 -1.74526321 -1.01769538]
Q[(1, 14, 1)] error: [-0.44136262 -1.83628352 -0.70310657]
Q[(1, 14, 2)] error: [-0.58470611 -1.31501728 -1.52314447]
Q[(1, 14, 3)] error: [-0.65498029 -3.09514154 -2.78410656]
Q[(1, 15, 0)] error: [-0.30770474 -0.78042935 -0.40709672]
Q[(1, 15, 1)] error: [-0.32026307 -1.01710664 -0.2248397 ]
Q[(1, 15, 2)] error: [-0.51630706 -0.90015035 -0.56850938]
Q[(1, 15, 3)] error: [-0.40565819 -4.3862879  -1.44030516]
Q[(2, 1, 0)] error: [-0.55151274  0.1517523  -0.30624991]
Q[(2, 1, 1)] error: [-0.94929681 -1.45150942 -0.82776468]
Q[(2, 1, 2)] error: [ 0.71832315 -0.13740923 -0.1160382 ]
Q[(2, 1, 3)] error: [0.34899366 0.06667985 0.48234443]
Q[(2, 2, 0)] error: [-0.36911869 -1.8202149  -0.71317229]
Q[(2, 2, 1)] error: [-0.41820462 -1.21532537 -0.44453454]
Q[(2, 2, 2)] error: [-0.3186451  -0.07759257 -0.29975452]
Q[(2, 2, 3)] error: [-0.30776538 -0.32781677 -0.87379179]
Q[(2, 3, 0)] error: [-0.83823167 -0.31904638 -0.97718621]
Q[(2, 3, 1)] error: [-0.75422509 -0.59736821 -0.38931754]
Q[(2, 3, 2)] error: [-0.1865949  -0.03386237  0.05684242]
Q[(2, 3, 3)] error: [-0.68959467 -0.24277866 -0.66764796]
Q[(2, 4, 0)] error: [-0.44760837 -0.81699648 -0.70774544]
Q[(2, 4, 1)] error: [-0.68282718 -0.28600155 -0.58562698]
Q[(2, 4, 2)] error: [-0.64595798 -0.40893936 -0.26771159]
Q[(2, 4, 3)] error: [-0.95742052 -0.07728531 -0.64947358]
Q[(2, 6, 0)] error: [-0.08625294  0.08130638 -0.14074391]
Q[(2, 6, 1)] error: [0.04442704 0.45428182 0.68487357]
Q[(2, 6, 2)] error: [-0.14556773 -1.38862854 -0.2986981 ]
Q[(2, 6, 3)] error: [0.24615801 0.45827462 0.79372599]
Q[(2, 7, 0)] error: [ 0.1146981  -0.64655864  0.31112687]
Q[(2, 7, 1)] error: [-0.43465808  0.31248292 -0.32567559]
Q[(2, 7, 2)] error: [ 0.15683134  0.12111807 -0.64130135]
Q[(2, 7, 3)] error: [-0.1726883   0.09572807 -0.36648828]
Q[(2, 8, 0)] error: [-0.83602739 -0.15065693 -0.14765453]
Q[(2, 8, 1)] error: [-0.22427082 -0.46097233 -0.51663288]
Q[(2, 8, 2)] error: [ 0.47487891 -0.15041616 -0.44248729]
Q[(2, 8, 3)] error: [ 0.38893203 -1.3761229  -1.12549598]
Q[(2, 9, 0)] error: [-0.06084341 -1.25025347 -0.03581689]
Q[(2, 9, 1)] error: [-0.23435263 -1.21981403  0.08797895]
Q[(2, 9, 2)] error: [ 0.37444364 -2.56980162 -1.09811583]
Q[(2, 9, 3)] error: [ 0.38328306 -2.34979872 -1.28841852]
Q[(2, 10, 0)] error: [-0.49820675 -2.1790279   0.26764126]
Q[(2, 10, 1)] error: [-0.10629999 -0.32151866 -0.41011259]
Q[(2, 10, 2)] error: [-0.17586444 -2.5598741  -1.30466458]
Q[(2, 10, 3)] error: [-0.13696492 -1.26408635 -1.97994213]
Q[(2, 11, 0)] error: [-0.04627545 -0.73285858 -0.99780768]
Q[(2, 11, 1)] error: [-0.25024987 -0.19573739 -0.32407232]
Q[(2, 11, 2)] error: [-0.18383406 -3.08611285 -1.7188693 ]
Q[(2, 11, 3)] error: [-0.42099613 -3.03778197 -1.7099605 ]
Q[(2, 12, 0)] error: [-0.03182366 -1.11401173 -0.62567623]
Q[(2, 12, 1)] error: [-0.24503922 -0.95132355 -0.00782925]
Q[(2, 12, 2)] error: [-0.19635172 -2.71799889 -1.58013171]
Q[(2, 12, 3)] error: [-0.24403402 -2.95012054 -1.59835854]
Q[(2, 13, 0)] error: [-0.27477261 -1.46385274 -0.2151974 ]
Q[(2, 13, 1)] error: [ 0.31759784 -1.2341056  -0.81410573]
Q[(2, 13, 2)] error: [-0.04262558 -2.32737261 -1.53017064]
Q[(2, 13, 3)] error: [-0.50820312 -2.97280607 -1.64388594]
Q[(2, 14, 0)] error: [-0.34222205 -1.16528663 -0.53711035]
Q[(2, 14, 1)] error: [-0.28648233  0.02329783 -0.58525005]
Q[(2, 14, 2)] error: [ 0.32006317 -2.2605349  -0.92866185]
Q[(2, 14, 3)] error: [-0.75725633 -3.15534167 -2.21663403]
Q[(2, 15, 0)] error: [-0.60003684  0.01640495 -0.29280924]
Q[(2, 15, 1)] error: [-0.31580595 -0.12949538 -0.32743175]
Q[(2, 15, 2)] error: [-0.01747219 -1.04813439 -1.13276167]
Q[(2, 15, 3)] error: [-0.42493204 -1.81786462 -0.36360202]
Q[(3, 1, 0)] error: [-0.60371908  0.51214724 -0.78359708]
Q[(3, 1, 1)] error: [-0.47450788 -0.12138055 -0.19994961]
Q[(3, 1, 2)] error: [-0.52602733 -0.02980953 -0.03523552]
Q[(3, 1, 3)] error: [ 0.33656295 -0.18629681 -0.53044087]
Q[(3, 2, 0)] error: [-0.69687816 -0.06046579 -0.47755025]
Q[(3, 2, 1)] error: [-0.63524375 -0.37896166  0.03914845]
Q[(3, 2, 2)] error: [ 0.04280965 -0.70044905  0.2548078 ]
Q[(3, 2, 3)] error: [ 0.78639477  0.02186691 -0.18893463]
Q[(3, 3, 0)] error: [-0.79581471 -0.62984196 -0.68131104]
Q[(3, 3, 1)] error: [-0.70568117 -0.48064236 -0.60100024]
Q[(3, 3, 2)] error: [-0.63971878 -0.83774094 -0.94091549]
Q[(3, 3, 3)] error: [-0.71139773 -0.006346   -0.74375776]
Q[(3, 4, 0)] error: [-0.35307657 -0.54393785 -0.7569419 ]
Q[(3, 4, 1)] error: [-0.62667581 -0.07582995 -0.23390202]
Q[(3, 4, 2)] error: [-0.25624953 -0.7753119  -0.62458157]
Q[(3, 4, 3)] error: [-0.69043673 -0.48796165 -0.44529321]
Q[(3, 6, 0)] error: [ 0.25460899  0.66973297 -0.19936547]
Q[(3, 6, 1)] error: [-0.17001745  0.1514659  -0.63618138]
Q[(3, 6, 2)] error: [-0.36390269 -0.61494419 -0.62954838]
Q[(3, 6, 3)] error: [-0.08847159  0.27841635  0.17767456]
Q[(3, 7, 0)] error: [-0.44134379  0.36627679 -0.43053478]
Q[(3, 7, 1)] error: [-0.1125634  -0.59812395 -0.21663613]
Q[(3, 7, 2)] error: [ 0.04333995 -0.43776337 -0.35175053]
Q[(3, 7, 3)] error: [-0.09365374 -0.36528904 -0.04042154]
Q[(3, 8, 0)] error: [-0.54572685 -0.3423776  -0.04415517]
Q[(3, 8, 1)] error: [ 0.1708207  -1.32746639  0.05289808]
Q[(3, 8, 2)] error: [ 0.28241687 -1.61302853 -0.89125121]
Q[(3, 8, 3)] error: [-0.2539127  -0.43902443 -0.70832602]
Q[(3, 9, 0)] error: [-0.42093391 -1.27880474 -0.1458389 ]
Q[(3, 9, 1)] error: [ 0.24402807 -0.12375633 -0.19719385]
Q[(3, 9, 2)] error: [ 0.41402616 -1.65557693 -0.63770365]
Q[(3, 9, 3)] error: [ 0.41655474 -1.40433953 -1.03267138]
Q[(3, 10, 0)] error: [-0.14556444 -0.91215307 -0.26401757]
Q[(3, 10, 1)] error: [-0.4743433   0.55701761  0.23300033]
Q[(3, 10, 2)] error: [-0.07423919 -1.73319041 -0.73483669]
Q[(3, 10, 3)] error: [-0.18888716 -2.20137184 -0.53781692]
Q[(3, 11, 0)] error: [-0.2131307   0.31032678 -0.07739066]
Q[(3, 11, 1)] error: [-0.27679742  0.53267424 -0.18346307]
Q[(3, 11, 2)] error: [-0.02452759 -2.01451724 -0.75018671]
Q[(3, 11, 3)] error: [ 0.06288557 -1.88932074 -0.52511486]
Q[(3, 12, 0)] error: [-0.56793831 -0.33555562  0.12632121]
Q[(3, 12, 1)] error: [-0.1810726   0.32607875  0.32012462]
Q[(3, 12, 2)] error: [ 0.47834445 -1.82776655 -1.2053556 ]
Q[(3, 12, 3)] error: [-0.8624212  -1.28905899 -1.17422603]
Q[(3, 13, 0)] error: [-0.65915817  0.14631192 -0.45280652]
Q[(3, 13, 1)] error: [ 0.48066225 -0.76599418 -0.56129779]
Q[(3, 13, 2)] error: [-0.0796861  -1.37832843 -0.88349759]
Q[(3, 13, 3)] error: [-0.45250833 -1.11316042 -0.99441495]
Q[(3, 14, 0)] error: [ 0.03601546  0.06456452 -0.43039921]
Q[(3, 14, 1)] error: [-0.26092191 -1.12228405 -0.03272967]
Q[(3, 14, 2)] error: [ 0.14362222 -1.90431454 -0.95164416]
Q[(3, 14, 3)] error: [-0.4034     -0.46407287 -1.08715619]
Q[(3, 15, 0)] error: [-0.02309405  0.18250873 -0.35084739]
Q[(3, 15, 1)] error: [-0.17809281 -0.53112281 -0.17729252]
Q[(3, 15, 2)] error: [-0.00657087 -0.22906971 -1.0604458 ]
Q[(3, 15, 3)] error: [ 0.25783435  0.12250309 -0.22152918]
Q[(4, 1, 0)] error: [-0.37859721  0.66097718 -0.38972176]
Q[(4, 1, 1)] error: [-1.05112454  0.08678899 -0.32645068]
Q[(4, 1, 2)] error: [-0.57001991 -0.93978671 -0.3681991 ]
Q[(4, 1, 3)] error: [-0.00828212  0.00514916  0.0179057 ]
Q[(4, 2, 0)] error: [-0.35586104 -0.61748633 -0.48420495]
Q[(4, 2, 1)] error: [-0.62579739 -1.09463083  0.45833119]
Q[(4, 2, 2)] error: [ 0.1220792  -0.75259087 -0.74106961]
Q[(4, 2, 3)] error: [ 0.42061943 -1.54527807 -0.30526814]
Q[(4, 3, 0)] error: [-0.58752353 -0.54969111 -0.5905707 ]
Q[(4, 3, 1)] error: [ 0.08964691 -0.78075612  0.67808225]
Q[(4, 3, 2)] error: [-0.49995711  0.90780835 -0.46729428]
Q[(4, 3, 3)] error: [-0.58093597  0.24490699 -0.7530822 ]
Q[(4, 4, 0)] error: [-0.24851655 -1.46703252 -0.73661189]
Q[(4, 4, 1)] error: [-0.16699893 -0.73947077 -0.30959509]
Q[(4, 4, 2)] error: [-0.63922236 -1.24428414  0.04048433]
Q[(4, 4, 3)] error: [-0.48139326  0.03225594 -0.43633214]
Q[(4, 6, 0)] error: [-0.21939925  0.49465467 -0.62668557]
Q[(4, 6, 1)] error: [-0.74605132 -0.38020778  0.32355896]
Q[(4, 6, 2)] error: [ 0.3304858  -1.06850712 -0.80445357]
Q[(4, 6, 3)] error: [0.56866402 0.36495386 0.38657165]
Q[(4, 7, 0)] error: [-0.57351785  0.27920851 -1.0439174 ]
Q[(4, 7, 1)] error: [ 0.00719747 -0.08787868 -0.19464693]
Q[(4, 7, 2)] error: [ 0.09676694 -1.04239812 -0.76103514]
Q[(4, 7, 3)] error: [ 1.19433349 -0.83811077 -0.26282283]
Q[(4, 8, 0)] error: [-0.11861761 -0.79611092 -0.82819376]
Q[(4, 8, 1)] error: [ 0.22005709 -0.41368764 -0.25034363]
Q[(4, 8, 2)] error: [ 0.36714481 -0.79204104 -1.16967417]
Q[(4, 8, 3)] error: [-0.80589303 -1.37120484 -1.21924037]
Q[(4, 9, 0)] error: [ 0.06138292 -1.42025419 -1.05245005]
Q[(4, 9, 1)] error: [-0.09456233 -0.67426727 -0.72225088]
Q[(4, 9, 2)] error: [ 0.20094011 -1.56622035 -1.6176232 ]
Q[(4, 9, 3)] error: [-0.40707595 -2.96214092 -1.83372998]
Q[(4, 10, 0)] error: [-0.40456238  0.00629165 -0.01406436]
Q[(4, 10, 1)] error: [-0.53633641 -0.38724869 -0.50406476]
Q[(4, 10, 2)] error: [ 0.23596542 -1.62294955 -0.86522194]
Q[(4, 10, 3)] error: [-0.17152292 -2.88216528 -0.68308511]
Q[(4, 11, 0)] error: [-0.24642296  0.09560547 -0.19596652]
Q[(4, 11, 1)] error: [-0.97535752 -1.20868191 -0.44864378]
Q[(4, 11, 2)] error: [ 0.5170695  -0.48317653 -0.71803487]
Q[(4, 11, 3)] error: [ 0.1213275  -1.30059579 -0.91744081]
Q[(4, 12, 0)] error: [-0.28671198 -0.52799857 -0.24544189]
Q[(4, 12, 1)] error: [-0.6562627   0.43482287 -0.48984095]
Q[(4, 12, 2)] error: [-0.32840452 -1.0792544  -0.81410342]
Q[(4, 12, 3)] error: [-0.75942306 -1.22004301 -0.3849053 ]
Q[(4, 13, 0)] error: [-0.2794833   0.20352902 -0.4144984 ]
Q[(4, 13, 1)] error: [-0.88181646 -0.32544341 -0.26776626]
Q[(4, 13, 2)] error: [-0.66944945 -1.07253264 -0.66060948]
Q[(4, 13, 3)] error: [ 0.1063337  -1.35126088 -0.34971551]
Q[(4, 14, 0)] error: [-0.14711827  0.41603959 -0.29435677]
Q[(4, 14, 1)] error: [-0.69738389  0.14155882 -0.1352398 ]
Q[(4, 14, 2)] error: [-0.21255481 -0.91928948 -0.8549904 ]
Q[(4, 14, 3)] error: [-0.28720281  0.0925553  -0.255754  ]
Q[(4, 15, 0)] error: [-0.10629307 -0.43887825 -0.37208186]
Q[(4, 15, 1)] error: [-0.3183138  -0.95361915 -0.38823842]
Q[(4, 15, 2)] error: [-0.47954246  0.71782505  0.72785536]
Q[(4, 15, 3)] error: [-0.45512605  0.14373043  0.10943832]
Q[(5, 1, 0)] error: [-1.12416643 -0.05773538  0.16137837]
Q[(5, 1, 1)] error: [ 0.42083099 -0.11191596 -0.01167713]
Q[(5, 1, 2)] error: [ 0.07088015 -0.75155849  0.33996188]
Q[(5, 1, 3)] error: [ 0.16425698  0.03629326 -0.50807777]
Q[(5, 2, 0)] error: [-0.33401279 -0.05594039 -0.45908378]
Q[(5, 2, 1)] error: [-0.25651965 -0.30496148  1.21192524]
Q[(5, 2, 2)] error: [-0.13481691 -0.87493862 -0.29573059]
Q[(5, 2, 3)] error: [-0.40204707 -0.07598256 -0.32183563]
Q[(5, 3, 0)] error: [-0.52320816 -0.47709772 -0.33269752]
Q[(5, 3, 1)] error: [-0.41241465 -0.2363132   0.98090176]
Q[(5, 3, 2)] error: [-0.24046293 -0.54846297 -0.66606886]
Q[(5, 3, 3)] error: [-0.51153613 -1.12040856 -0.30794637]
Q[(5, 4, 0)] error: [-0.11986399 -0.22805518 -0.98078328]
Q[(5, 4, 1)] error: [-0.09730593 -1.27864731 -0.53142071]
Q[(5, 4, 2)] error: [-0.42472181 -1.18802914 -0.72424531]
Q[(5, 4, 3)] error: [ 0.0063881  -0.1581166  -0.85369448]
Q[(5, 6, 0)] error: [-0.27558479 -0.07847752 -0.31935628]
Q[(5, 6, 1)] error: [-0.2206801   0.28851979 -0.07987159]
Q[(5, 6, 2)] error: [ 0.41337203 -0.531396   -0.85082856]
Q[(5, 6, 3)] error: [ 0.20420439 -0.13257119 -0.14960301]
Q[(5, 7, 0)] error: [-0.37989654 -0.32771897 -0.03825909]
Q[(5, 7, 1)] error: [-0.58149147  0.2701601  -0.69424526]
Q[(5, 7, 2)] error: [ 0.03343028 -0.57311817 -0.67423178]
Q[(5, 7, 3)] error: [ 0.41339952  0.06547666 -0.66206771]
Q[(5, 8, 0)] error: [-0.39011045  0.2904001   0.31190578]
Q[(5, 8, 1)] error: [-0.30072425 -0.15257002 -0.20320232]
Q[(5, 8, 2)] error: [-0.3367884  -1.5336116  -0.26741595]
Q[(5, 8, 3)] error: [-0.16354677 -0.51073417 -0.2860742 ]
Q[(5, 9, 0)] error: [-0.80335157 -0.37999646  0.25859308]
Q[(5, 9, 1)] error: [-0.23372921 -0.79611674 -0.19537842]
Q[(5, 9, 2)] error: [ 0.39898233 -1.82928663 -0.26983387]
Q[(5, 9, 3)] error: [-0.36742785 -1.15047045 -1.45175693]
Q[(5, 10, 0)] error: [-0.82091945 -0.06738071 -0.29203028]
Q[(5, 10, 1)] error: [-0.5378622  -1.69311109 -0.68918345]
Q[(5, 10, 2)] error: [-0.10232534 -0.28267641 -0.64892002]
Q[(5, 10, 3)] error: [-0.18268823 -1.06232464  0.00298857]
Q[(5, 11, 0)] error: [-0.02347299 -0.33735377 -0.69335831]
Q[(5, 11, 1)] error: [-0.76140537  0.4679627  -0.559636  ]
Q[(5, 11, 2)] error: [-0.2274891  -1.4074233  -0.53968445]
Q[(5, 11, 3)] error: [-0.13859334 -0.75687267 -1.01907172]
Q[(5, 12, 0)] error: [ 0.09212216  0.09976729 -0.40077289]
Q[(5, 12, 1)] error: [-0.84332322 -0.24845208 -0.09712294]
Q[(5, 12, 2)] error: [ 0.01625187 -0.74732494 -0.11536988]
Q[(5, 12, 3)] error: [ 0.11555671  0.20567681 -0.47283953]
Q[(5, 13, 0)] error: [ 0.20379135  0.2346411  -0.31352254]
Q[(5, 13, 1)] error: [-0.26710388 -0.03228261 -0.01778651]
Q[(5, 13, 2)] error: [ 0.12629718 -0.66093521  0.52668192]
Q[(5, 13, 3)] error: [-0.49101878  0.01685339 -0.71302168]
Q[(5, 14, 0)] error: [-0.77480185 -1.02957566  0.11505912]
Q[(5, 14, 1)] error: [ 0.12496401 -0.71316627 -0.24341145]
Q[(5, 14, 2)] error: [ 0.37669266 -1.2112616   0.28794457]
Q[(5, 14, 3)] error: [ 0.62735159 -0.24471041 -0.13460335]
Q[(5, 15, 0)] error: [-0.19537312  0.13027544 -0.14657352]
Q[(5, 15, 1)] error: [-0.36630691  0.31004438  0.29656511]
Q[(5, 15, 2)] error: [-0.14995244 -0.65620169 -0.03174983]
Q[(5, 15, 3)] error: [ 0.24747242 -1.1048572  -0.31323613]
Q[(6, 1, 0)] error: [-0.03377378 -0.27759144 -0.30819591]
Q[(6, 1, 1)] error: [-0.86705993  0.13633447 -0.26653519]
Q[(6, 1, 2)] error: [-0.83613108  0.48585478  0.43193831]
Q[(6, 1, 3)] error: [ 0.16760861  0.16627199 -0.56916295]
Q[(6, 2, 0)] error: [-0.73191351 -0.02683169 -0.39165075]
Q[(6, 2, 1)] error: [-0.60954023 -0.78386212  0.07953317]
Q[(6, 2, 2)] error: [-0.40196287  0.42358874 -0.59182615]
Q[(6, 2, 3)] error: [-0.38841807  0.12076695 -0.31088113]
Q[(6, 3, 0)] error: [-0.43153864 -0.05001307 -1.3770694 ]
Q[(6, 3, 1)] error: [-0.45069808  0.58703416 -0.39563651]
Q[(6, 3, 2)] error: [-0.13123692 -0.68232977 -0.46742642]
Q[(6, 3, 3)] error: [-0.27219008  0.10993339 -0.26912277]
Q[(6, 4, 0)] error: [-0.10963721 -0.46280411 -0.20284134]
Q[(6, 4, 1)] error: [-0.40088596  0.05104068 -0.61712926]
Q[(6, 4, 2)] error: [-0.54163944 -1.07409118 -0.69010903]
Q[(6, 4, 3)] error: [-0.71727582 -0.3618875  -0.3902803 ]
Q[(6, 6, 0)] error: [-0.4091649  -0.84829112 -0.12140357]
Q[(6, 6, 1)] error: [-0.11370861 -0.97280531 -0.22759109]
Q[(6, 6, 2)] error: [-0.77165338 -0.73606821 -1.65435379]
Q[(6, 6, 3)] error: [0.63936087 0.01151502 0.00325877]
Q[(6, 7, 0)] error: [-0.27049724  0.09274723 -0.59280173]
Q[(6, 7, 1)] error: [ 0.5649016   0.66658675 -0.52333618]
Q[(6, 7, 2)] error: [ 0.28956881 -0.42704993 -0.71097968]
Q[(6, 7, 3)] error: [-0.3024089  -0.62484268 -0.668451  ]
Q[(6, 8, 0)] error: [-0.55831252 -0.04776229 -0.61304765]
Q[(6, 8, 1)] error: [ 0.59059396 -0.03490486  0.07997079]
Q[(6, 8, 2)] error: [-0.15483778 -0.2427367  -0.25381918]
Q[(6, 8, 3)] error: [ 0.14516627 -0.84668822 -0.89972874]
Q[(6, 9, 0)] error: [-0.86376601 -1.36025487 -0.16440551]
Q[(6, 9, 1)] error: [ 0.0788326  -0.15885339 -0.68660763]
Q[(6, 9, 2)] error: [ 0.14711002 -0.37088726 -0.59940291]
Q[(6, 9, 3)] error: [-0.56718042 -0.91471136  0.96283455]
Q[(6, 10, 0)] error: [-0.48007625 -0.66950041 -0.33163027]
Q[(6, 10, 1)] error: [-0.33163896 -0.3707788   0.5339427 ]
Q[(6, 10, 2)] error: [ 0.15889627 -0.40277614  0.38809188]
Q[(6, 10, 3)] error: [-0.42538869 -0.72536305 -0.45400499]
Q[(6, 11, 0)] error: [-0.17091169 -0.10473125 -0.42502726]
Q[(6, 11, 1)] error: [-0.25104622 -0.95130941 -0.22402488]
Q[(6, 11, 2)] error: [-0.29313483 -1.70865058 -0.4883437 ]
Q[(6, 11, 3)] error: [0.12844393 0.28471883 0.22410424]
Q[(6, 12, 0)] error: [ 0.05299625 -0.05441027 -0.2308912 ]
Q[(6, 12, 1)] error: [0.1353525  0.42880061 0.23557897]
Q[(6, 12, 2)] error: [-0.19299664  0.24830042  0.02175343]
Q[(6, 12, 3)] error: [-0.5358845  -0.00692866  0.08336939]
Q[(6, 13, 0)] error: [-0.00829911  0.32348363  0.19082948]
Q[(6, 13, 1)] error: [ 0.21383551 -0.43009069 -0.05671944]
Q[(6, 13, 2)] error: [-0.12432279 -0.05314652  0.07072227]
Q[(6, 13, 3)] error: [0.19543438 0.14004061 0.05306414]
Q[(6, 14, 0)] error: [-0.85816007  0.16382643 -0.1864146 ]
Q[(6, 14, 1)] error: [-3.22320249e-05  3.46492360e-01 -5.24322831e-01]
Q[(6, 14, 2)] error: [ 0.08212864  0.17658774 -0.56630563]
Q[(6, 14, 3)] error: [-0.43026338  0.26221889  0.34730889]
Q[(6, 15, 0)] error: [-0.22930241  0.47209325 -0.10316033]
Q[(6, 15, 1)] error: [-0.37126983 -0.20929914 -0.20154017]
Q[(6, 15, 2)] error: [ 0.44955238 -0.4294233  -0.50543024]
Q[(6, 15, 3)] error: [ 0.17822162 -1.08168371 -0.15378174]
Q[(7, 1, 0)] error: [-0.71080657  0.02580624  0.26375586]
Q[(7, 1, 1)] error: [-0.74661097 -0.87419263 -0.26392108]
Q[(7, 1, 2)] error: [-0.51149969 -0.63645921 -0.31318883]
Q[(7, 1, 3)] error: [-0.12094644  0.04050437 -0.13402302]
Q[(7, 2, 0)] error: [-0.41911913  0.12883175 -0.92557552]
Q[(7, 2, 1)] error: [-0.51692345 -0.55621241 -0.60670482]
Q[(7, 2, 2)] error: [ 0.45655906  0.55334512 -0.44521242]
Q[(7, 2, 3)] error: [-0.06828569  0.12532223 -0.38625752]
Q[(7, 3, 0)] error: [-0.27279978 -0.59754583 -0.33099194]
Q[(7, 3, 1)] error: [-0.48313535 -0.1621598  -0.24964156]
Q[(7, 3, 2)] error: [-0.60134688 -0.66452416 -0.69825906]
Q[(7, 3, 3)] error: [-0.66486585 -0.24218314 -0.13373501]
Q[(7, 4, 0)] error: [ 0.24055541 -0.0199015  -0.36661999]
Q[(7, 4, 1)] error: [-0.35276237  0.01357445 -0.79924369]
Q[(7, 4, 2)] error: [-0.06214753  0.22216649  0.06965589]
Q[(7, 4, 3)] error: [ 0.46528213 -0.00827703 -0.14305138]
Q[(7, 6, 0)] error: [-0.3131768   0.70959911 -0.34700663]
Q[(7, 6, 1)] error: [-0.00706685 -0.94766605  0.32656021]
Q[(7, 6, 2)] error: [-0.59115252 -1.36149564 -0.24301757]
Q[(7, 6, 3)] error: [ 0.87937843  0.04165143 -0.42461407]
Q[(7, 7, 0)] error: [-0.64915008 -0.1881183  -0.48946339]
Q[(7, 7, 1)] error: [-0.31826156 -0.30506184 -0.73314713]
Q[(7, 7, 2)] error: [ 0.12743767 -0.5151496  -1.6268984 ]
Q[(7, 7, 3)] error: [-0.59746973 -0.97335334 -1.19959619]
Q[(7, 8, 0)] error: [-0.557087    0.02044498 -0.54241349]
Q[(7, 8, 1)] error: [-0.57731513  0.44476477  0.13407933]
Q[(7, 8, 2)] error: [-0.27363954 -0.57651649 -0.01627231]
Q[(7, 8, 3)] error: [-0.29443467 -2.12100724 -0.8338074 ]
Q[(7, 9, 0)] error: [-0.62155223  0.24742502 -0.39068532]
Q[(7, 9, 1)] error: [-0.2844734   0.12098493  0.00249793]
Q[(7, 9, 2)] error: [-0.25697262  0.13996287 -0.83473982]
Q[(7, 9, 3)] error: [ 0.20668251 -0.10749888 -0.44312034]
Q[(7, 10, 0)] error: [-0.67894414 -0.38832247 -0.36594872]
Q[(7, 10, 1)] error: [-0.06237658 -0.13729972 -0.52473383]
Q[(7, 10, 2)] error: [-0.23682955 -0.28566247  0.26050136]
Q[(7, 10, 3)] error: [-0.16840958 -0.21328501  0.10007551]
Q[(7, 11, 0)] error: [ 0.48660846 -0.80598772 -0.1528594 ]
Q[(7, 11, 1)] error: [-0.08675983 -1.35600046 -0.25327485]
Q[(7, 11, 2)] error: [-0.19615473 -0.75175955 -0.11023359]
Q[(7, 11, 3)] error: [-0.61409012 -0.23239283 -0.08502202]
Q[(7, 12, 0)] error: [-0.17127415 -0.05593451 -0.64801746]
Q[(7, 12, 1)] error: [0.21590374 0.13923963 0.13783772]
Q[(7, 12, 2)] error: [-0.15646258  0.72688575 -0.43062226]
Q[(7, 12, 3)] error: [-0.33665774 -0.34289279  1.0670991 ]
Q[(7, 13, 0)] error: [-0.26780728 -0.23880904 -0.25619612]
Q[(7, 13, 1)] error: [ 0.32798676  0.24417266 -0.77074103]
Q[(7, 13, 2)] error: [ 0.20850475 -0.05416136  0.70541555]
Q[(7, 13, 3)] error: [ 0.04365233 -0.10815186  0.26334099]
Q[(7, 14, 0)] error: [ 0.05855792 -0.09933576 -0.5307436 ]
Q[(7, 14, 1)] error: [ 0.05929584  0.16901106 -0.44560335]
Q[(7, 14, 2)] error: [-0.11350634  0.70212291 -1.04870084]
Q[(7, 14, 3)] error: [-0.13098615  0.21329909  0.0776356 ]
Q[(7, 15, 0)] error: [-0.29018249  0.24513168 -0.09921559]
Q[(7, 15, 1)] error: [-0.12283469 -0.14878164 -0.38838239]
Q[(7, 15, 2)] error: [ 0.29036734 -0.66073329 -0.63083461]
Q[(7, 15, 3)] error: [ 0.40232718 -1.05828373 -0.31798626]
Q[(8, 1, 0)] error: [-0.27936619  0.54977402  0.90920069]
Q[(8, 1, 1)] error: [ 0.53161308  0.32725055 -0.10937872]
Q[(8, 1, 2)] error: [-0.40696674 -1.83778872 -0.41552404]
Q[(8, 1, 3)] error: [0.29069377 0.15077574 0.26954374]
Q[(8, 2, 0)] error: [ 0.00098821 -0.07131719 -0.40278967]
Q[(8, 2, 1)] error: [ 0.2056776  -0.69839042  1.08176063]
Q[(8, 2, 2)] error: [-0.04285154 -0.06074593 -0.53221761]
Q[(8, 2, 3)] error: [ 0.15343087 -0.58940789 -0.24027148]
Q[(8, 3, 0)] error: [-0.12183749 -0.34399178 -0.33498907]
Q[(8, 3, 1)] error: [-0.20243025 -1.12656116 -0.27297487]
Q[(8, 3, 2)] error: [-0.18548476 -0.38188928 -0.70101959]
Q[(8, 3, 3)] error: [-0.28824101  0.02433329 -0.16343716]
Q[(8, 4, 0)] error: [ 0.69316704  0.53641582 -0.4081576 ]
Q[(8, 4, 1)] error: [ 0.75246693 -0.0561356  -0.33472733]
Q[(8, 4, 2)] error: [ 0.13442654 -1.38338051 -1.48351249]
Q[(8, 4, 3)] error: [ 0.63611896 -0.47965333 -0.21873457]
Q[(8, 6, 0)] error: [0.04806844 0.15615456 0.01243469]
Q[(8, 6, 1)] error: [-0.26498481 -0.55967126 -0.41457908]
Q[(8, 6, 2)] error: [-0.19208418 -0.46656922 -0.22372853]
Q[(8, 6, 3)] error: [ 0.38948736 -0.65486479 -1.02056692]
Q[(8, 8, 0)] error: [-0.37193914 -1.43096898 -0.26156165]
Q[(8, 8, 1)] error: [-0.38950698 -0.23871715 -0.21998072]
Q[(8, 8, 2)] error: [-0.13547082  0.04171778 -0.38539842]
Q[(8, 8, 3)] error: [-0.02432422 -0.0792376   0.02621046]
Q[(8, 9, 0)] error: [-0.30913958 -0.18145058 -0.26145667]
Q[(8, 9, 1)] error: [-0.5318177  -1.21365152  0.09749923]
Q[(8, 9, 2)] error: [-0.12254717 -0.16334732 -0.97931849]
Q[(8, 9, 3)] error: [-0.11523956 -0.56966885  0.22221908]
Q[(8, 10, 0)] error: [-0.1055528   0.26290919  0.1967825 ]
Q[(8, 10, 1)] error: [-0.59231528  0.22697622 -0.52884202]
Q[(8, 10, 2)] error: [-0.14795153  0.22300674 -0.36199259]
Q[(8, 10, 3)] error: [ 0.0305182  -1.43741054 -0.3501818 ]
Q[(8, 11, 0)] error: [ 0.4036958   0.170133   -0.12505416]
Q[(8, 11, 1)] error: [0.06859285 0.00926897 0.83324374]
Q[(8, 11, 2)] error: [-0.09504764 -0.38123745 -0.06332307]
Q[(8, 11, 3)] error: [-0.59595926 -0.28398483  0.18861086]
Q[(8, 12, 0)] error: [-0.01027662  0.0757205   0.3858568 ]
Q[(8, 12, 1)] error: [-0.3892922   0.3433273  -0.37880678]
Q[(8, 12, 2)] error: [ 0.32890197 -0.32492837 -0.36273181]
Q[(8, 12, 3)] error: [0.77222156 0.21982234 0.47376768]
Q[(8, 13, 0)] error: [-0.11733547 -0.08044634 -0.18877006]
Q[(8, 13, 1)] error: [ 0.05065053  0.03357888 -0.33928499]
Q[(8, 13, 2)] error: [ 0.06957099  0.81188009 -0.18490111]
Q[(8, 13, 3)] error: [-0.86439023 -0.17309713  0.04589535]
Q[(8, 14, 0)] error: [-0.45142414 -0.49230084 -0.14539343]
Q[(8, 14, 1)] error: [-0.17176148 -0.59725525 -0.3098454 ]
Q[(8, 14, 2)] error: [ 0.33205537 -0.61240347 -0.259326  ]
Q[(8, 14, 3)] error: [-0.36481753  0.00430184  0.098793  ]
Q[(8, 15, 0)] error: [-0.37886658  0.37270607  0.13734149]
Q[(8, 15, 1)] error: [-0.21817334 -0.55782199 -0.3222853 ]
Q[(8, 15, 2)] error: [ 0.14769288 -0.29105966  0.91833499]
Q[(8, 15, 3)] error: [ 0.63762217  0.18666174 -0.22035546]
Q[(9, 1, 0)] error: [-0.58703819  1.1565285  -0.40998144]
Q[(9, 1, 1)] error: [-0.52058797  0.06962863 -0.29431739]
Q[(9, 1, 2)] error: [-0.36336143  0.122328   -0.33914807]
Q[(9, 1, 3)] error: [0.70481585 0.07486492 0.17462591]
Q[(9, 2, 0)] error: [-0.00554195 -0.13985871 -0.27462205]
Q[(9, 2, 1)] error: [-0.02501232  1.12168486  0.18613176]
Q[(9, 2, 2)] error: [ 0.09699141  0.44885274 -0.40747759]
Q[(9, 2, 3)] error: [ 0.7698873   0.01659268 -0.23706002]
Q[(9, 3, 0)] error: [-0.05925113 -0.22041116  0.13246688]
Q[(9, 3, 1)] error: [-0.64049807 -0.38059872  0.76810918]
Q[(9, 3, 2)] error: [0.12102756 0.23864461 0.82988448]
Q[(9, 3, 3)] error: [ 0.32357072 -0.79022246 -0.32360227]
Q[(9, 4, 0)] error: [ 0.39560085  0.03732058 -0.42608827]
Q[(9, 4, 1)] error: [-0.65388948 -0.6498607  -0.50605447]
Q[(9, 4, 2)] error: [ 0.22227919 -0.51973049  0.75550319]
Q[(9, 4, 3)] error: [-0.31650074 -0.13616098  0.18501133]
Q[(9, 6, 0)] error: [ 0.19421723 -0.3083826  -0.02645388]
Q[(9, 6, 1)] error: [-0.03104297 -0.71340977  0.2760864 ]
Q[(9, 6, 2)] error: [-0.00672163 -0.82799369 -1.44603177]
Q[(9, 6, 3)] error: [ 0.20850657 -0.52037604 -0.22119609]
Q[(9, 7, 0)] error: [ 0.16892905 -1.70780665 -0.83280268]
Q[(9, 7, 1)] error: [-0.3030098  -0.46985331 -0.31397063]
Q[(9, 7, 2)] error: [-0.39162998 -1.34901677 -1.23308791]
Q[(9, 7, 3)] error: [-0.47638999 -1.80125598 -1.29628731]
Q[(9, 8, 0)] error: [0.01428764 0.17039798 0.37428022]
Q[(9, 8, 1)] error: [-0.21637094 -0.24412391 -0.36641256]
Q[(9, 8, 2)] error: [-0.20300215 -0.252377   -1.19151119]
Q[(9, 8, 3)] error: [-0.12022309 -1.27094541 -0.98739329]
Q[(9, 9, 0)] error: [-0.24840297 -0.15032661 -0.34607133]
Q[(9, 9, 1)] error: [ 0.22891126  0.39869081 -0.19301518]
Q[(9, 9, 2)] error: [-0.11136833 -0.82039351 -0.08722807]
Q[(9, 9, 3)] error: [-0.1422493  -0.66073252 -0.74382393]
Q[(9, 10, 0)] error: [ 0.37967816 -0.36420216 -0.60700124]
Q[(9, 10, 1)] error: [-0.19156684  0.20268444  0.13178611]
Q[(9, 10, 2)] error: [ 0.75421465  0.30887879 -0.28910139]
Q[(9, 10, 3)] error: [ 0.21435241 -0.07408625  0.26957961]
Q[(9, 11, 0)] error: [ 0.12858725  0.35611515 -0.01338781]
Q[(9, 11, 1)] error: [ 0.19215803  0.14047851 -0.26411303]
Q[(9, 11, 2)] error: [0.37497398 0.33512863 0.06517248]
Q[(9, 11, 3)] error: [-0.11163264 -0.04213271  0.40251445]
Q[(9, 12, 0)] error: [-0.30145345  0.16202042  0.38734029]
Q[(9, 12, 1)] error: [-0.21993689 -0.65494521 -0.38595891]
Q[(9, 12, 2)] error: [ 0.34630903 -0.72776603 -0.01335957]
Q[(9, 12, 3)] error: [ 0.67127124  0.0025361  -0.02991076]
Q[(9, 13, 0)] error: [-0.10964369  0.12842432 -0.10164474]
Q[(9, 13, 1)] error: [-0.07365613  0.21008977 -0.52493281]
Q[(9, 13, 2)] error: [0.55157024 0.72718055 0.47339602]
Q[(9, 13, 3)] error: [-0.6588154   0.07030848 -0.06506516]
Q[(9, 14, 0)] error: [-0.12450836  0.61454314  0.01392607]
Q[(9, 14, 1)] error: [-0.50925233  0.00252316 -0.39657668]
Q[(9, 14, 2)] error: [-0.21003455  0.38786026 -0.83469915]
Q[(9, 14, 3)] error: [ 0.1729966   0.69637552 -0.26121416]
Q[(9, 15, 0)] error: [-0.33964811  0.30228181  0.1191003 ]
Q[(9, 15, 1)] error: [-0.00223472  0.67629244  0.05499446]
Q[(9, 15, 2)] error: [ 0.2419608  -0.9365742   0.38167529]
Q[(9, 15, 3)] error: [ 0.19516758  0.04906384 -0.33151442]
Q[(10, 1, 0)] error: [-0.56611008  0.05822158  0.48141647]
Q[(10, 1, 1)] error: [-0.52899396 -0.97224244 -0.1583739 ]
Q[(10, 1, 2)] error: [-0.28157665 -0.16031791 -0.19281148]
Q[(10, 1, 3)] error: [-0.09643377 -0.01633923  0.03642189]
Q[(10, 2, 0)] error: [ 0.04079461 -0.16397509 -0.1547382 ]
Q[(10, 2, 1)] error: [ 0.58705727 -0.03483131  0.02517038]
Q[(10, 2, 2)] error: [-0.22079088  0.0936798   0.38716303]
Q[(10, 2, 3)] error: [ 0.18409871  0.12361941 -0.32582861]
Q[(10, 3, 0)] error: [-0.18727486 -0.65167098 -0.81705678]
Q[(10, 3, 1)] error: [ 0.1061589  -0.43287788 -0.55233551]
Q[(10, 3, 2)] error: [-0.26548433 -1.81939764 -1.08588425]
Q[(10, 3, 3)] error: [ 0.46153777  0.16476329 -0.09047738]
Q[(10, 4, 0)] error: [-0.03097261  0.0606196  -0.14729194]
Q[(10, 4, 1)] error: [-0.34856915 -0.04431496 -0.13612485]
Q[(10, 4, 2)] error: [-0.1552714  -1.08715476 -0.5492707 ]
Q[(10, 4, 3)] error: [ 0.38958863 -0.28008824 -0.30302438]
Q[(10, 6, 0)] error: [-0.27100093 -0.50332476 -0.44236734]
Q[(10, 6, 1)] error: [-0.18953251 -1.21749958 -0.13095536]
Q[(10, 6, 2)] error: [-0.86322161 -1.66354147 -1.14076518]
Q[(10, 6, 3)] error: [-0.34414458 -0.58360747 -0.26865188]
Q[(10, 7, 0)] error: [-0.08630214 -1.51822993 -0.17460275]
Q[(10, 7, 1)] error: [ 0.28130184  0.09160131 -0.30373787]
Q[(10, 7, 2)] error: [ 0.62902545 -0.58765819 -0.62832152]
Q[(10, 7, 3)] error: [-0.1179775  -0.81451395 -0.22618237]
Q[(10, 8, 0)] error: [ 0.17400308 -0.11533227  0.136669  ]
Q[(10, 8, 1)] error: [-0.54229229 -0.63520469 -0.07547602]
Q[(10, 8, 2)] error: [-0.2069827  -1.41331346 -0.65093476]
Q[(10, 8, 3)] error: [-0.23855098 -0.86845739 -0.23463341]
Q[(10, 9, 0)] error: [-0.29244549 -0.68303265  0.09289322]
Q[(10, 9, 1)] error: [-0.33541418  0.23490505 -0.09445514]
Q[(10, 9, 2)] error: [ 0.30432492 -0.01344026 -0.52697385]
Q[(10, 9, 3)] error: [-0.39612772  0.28347268  0.57079129]
Q[(10, 10, 0)] error: [ 0.24172046 -0.25659025  0.10966673]
Q[(10, 10, 1)] error: [ 0.09478104 -0.38362773 -0.25750061]
Q[(10, 10, 2)] error: [-0.27420598 -0.39319289 -0.35727504]
Q[(10, 10, 3)] error: [0.00182692 0.0151078  0.17923811]
Q[(10, 11, 0)] error: [ 1.10369767  0.39241487 -0.17845434]
Q[(10, 11, 1)] error: [ 0.65328545  0.38218233 -0.15321062]
Q[(10, 11, 2)] error: [ 0.33239146 -0.26928949  0.00663676]
Q[(10, 11, 3)] error: [ 0.26004247 -0.95394411 -0.12447583]
Q[(10, 12, 0)] error: [-0.24330826  0.44938628 -0.1975438 ]
Q[(10, 12, 1)] error: [ 0.10178571 -0.76068502 -0.45441061]
Q[(10, 12, 2)] error: [-0.31151955 -0.62665829 -0.12606801]
Q[(10, 12, 3)] error: [0.64558641 0.45170458 0.3854651 ]
Q[(10, 13, 0)] error: [-0.38365546  0.07506432  0.03968764]
Q[(10, 13, 1)] error: [-0.28787369 -0.59720905 -0.58993441]
Q[(10, 13, 2)] error: [ 0.07497766 -0.45337853 -0.01816999]
Q[(10, 13, 3)] error: [-0.41042447  0.07586635 -0.29912047]
Q[(10, 14, 0)] error: [ 0.00525383 -1.05534432 -0.51490338]
Q[(10, 14, 1)] error: [-0.17654886 -0.36876898 -0.03631247]
Q[(10, 14, 2)] error: [0.02651594 0.36220978 0.04349392]
Q[(10, 14, 3)] error: [-0.05693126  0.23630984 -0.11869262]
Q[(10, 15, 0)] error: [-0.49466225  0.23172905 -0.11095997]
Q[(10, 15, 1)] error: [0.14269635 0.2921613  0.06249146]
Q[(10, 15, 2)] error: [0.22439076 0.06688626 0.24132078]
Q[(10, 15, 3)] error: [ 0.35176947 -0.2412069  -0.06132117]
Q[(11, 1, 0)] error: [-0.38783655 -0.20202811 -0.61491213]
Q[(11, 1, 1)] error: [-0.22774378 -0.27669995 -0.26564954]
Q[(11, 1, 2)] error: [ 0.84912145  0.11985544 -0.12015101]
Q[(11, 1, 3)] error: [ 0.37323084 -0.10510351 -0.05411489]
Q[(11, 2, 0)] error: [-0.10689342  0.13162886 -0.08394641]
Q[(11, 2, 1)] error: [-0.51443563 -1.18869869 -0.55537694]
Q[(11, 2, 2)] error: [ 0.43595329  0.28851036 -0.09996693]
Q[(11, 2, 3)] error: [-0.13488419 -0.29250474 -0.40363622]
Q[(11, 3, 0)] error: [-0.36099607 -0.33156585 -0.17996914]
Q[(11, 3, 1)] error: [-0.01539946 -0.38166863 -0.77810716]
Q[(11, 3, 2)] error: [-0.24647374  0.22661816  0.01605234]
Q[(11, 3, 3)] error: [-0.28992703 -1.17816912 -0.23606047]
Q[(11, 4, 0)] error: [-0.74433274 -0.04928984 -0.23019722]
Q[(11, 4, 1)] error: [-0.13613586 -0.64247935 -0.21444753]
Q[(11, 4, 2)] error: [-0.03802087 -0.84792462 -1.08842656]
Q[(11, 4, 3)] error: [ 0.94945453 -0.217643   -0.2686452 ]
Q[(11, 6, 0)] error: [ 0.01749112 -0.43459313  0.12822123]
Q[(11, 6, 1)] error: [ 0.07780673 -0.30616114 -0.00183061]
Q[(11, 6, 2)] error: [-0.19676154 -2.0205002  -0.05431829]
Q[(11, 6, 3)] error: [0.20507077 0.17960278 0.09952334]
Q[(11, 7, 0)] error: [ 0.25858303 -0.96096364  0.08727389]
Q[(11, 7, 1)] error: [ 0.13038718 -0.05351286  0.18901428]
Q[(11, 7, 2)] error: [-0.10362739 -0.20171409  0.38169664]
Q[(11, 7, 3)] error: [ 0.69583367 -1.00478977  0.34070596]
Q[(11, 8, 0)] error: [ 0.65953412  0.78082858 -0.22678343]
Q[(11, 8, 1)] error: [-0.47431453 -0.38468905 -0.05072337]
Q[(11, 8, 2)] error: [ 0.18179044 -0.24467999  0.19725118]
Q[(11, 8, 3)] error: [ 0.39704973  0.5442889  -0.28814595]
Q[(11, 9, 0)] error: [-0.1800591   0.23320123 -0.41925802]
Q[(11, 9, 1)] error: [-0.47421214 -0.35332774 -0.2818982 ]
Q[(11, 9, 2)] error: [-0.347823    0.07860569 -0.46326362]
Q[(11, 9, 3)] error: [-0.24035078 -0.04748665 -0.47064521]
Q[(11, 10, 0)] error: [ 0.20538716 -0.08676612 -0.63136514]
Q[(11, 10, 1)] error: [-0.0898313  -0.89948117 -0.18113419]
Q[(11, 10, 2)] error: [-0.14103302  0.40292187 -0.62883903]
Q[(11, 10, 3)] error: [-0.46314605 -2.13214052 -0.07356532]
Q[(11, 11, 0)] error: [ 0.59773435 -0.32172322 -0.3759867 ]
Q[(11, 11, 1)] error: [-0.03026145 -0.17608708 -0.22992887]
Q[(11, 11, 2)] error: [-0.81275627  0.74829127 -0.75549538]
Q[(11, 11, 3)] error: [-0.2428361   0.27881012 -0.31853472]
Q[(11, 12, 0)] error: [-0.59687857 -0.15738505 -0.56930065]
Q[(11, 12, 1)] error: [ 0.22292335  0.73230068 -0.30932347]
Q[(11, 12, 2)] error: [ 0.11546674  0.52205216 -0.45963361]
Q[(11, 12, 3)] error: [-0.08569516  0.06204829 -0.44942063]
Q[(11, 13, 0)] error: [ 0.0283895  -1.04666356  0.24653934]
Q[(11, 13, 1)] error: [-0.29468036  0.75187329 -0.01113516]
Q[(11, 13, 2)] error: [ 0.39133965 -0.43138009  0.22054612]
Q[(11, 13, 3)] error: [-0.03068406 -0.58483696 -0.10218124]
Q[(11, 14, 0)] error: [-0.02538959  0.27724133 -0.20304909]
Q[(11, 14, 1)] error: [-0.21010776  0.03365629 -0.04892248]
Q[(11, 14, 2)] error: [-0.51436399  0.31244321 -0.14334808]
Q[(11, 14, 3)] error: [-0.24302936 -0.89613023 -0.45377444]
Q[(11, 15, 0)] error: [-0.47049745  0.44726168 -0.05415549]
Q[(11, 15, 1)] error: [-0.35413033  0.46393936  0.42054054]
Q[(11, 15, 2)] error: [0.20479149 0.2547257  0.99610044]
Q[(11, 15, 3)] error: [0.5105626  0.13433047 0.41630658]
Q[(12, 1, 0)] error: [-0.28777517 -0.51211633  0.44376169]
Q[(12, 1, 1)] error: [-0.26826213 -0.38062235 -0.48509023]
Q[(12, 1, 2)] error: [-0.32613486 -0.83851629  0.0198032 ]
Q[(12, 1, 3)] error: [ 0.07716994  0.18916162 -0.31571211]
Q[(12, 2, 0)] error: [ 0.78012319 -0.08547562 -0.30475427]
Q[(12, 2, 1)] error: [-0.18914751 -0.78482688 -0.36146369]
Q[(12, 2, 2)] error: [-0.41205536  0.23964587  0.02385542]
Q[(12, 2, 3)] error: [ 0.10631157  0.03442135 -0.53646737]
Q[(12, 3, 0)] error: [-0.63226739  0.2692065  -0.00232482]
Q[(12, 3, 1)] error: [-0.2751053  -0.10536279  0.48403814]
Q[(12, 3, 2)] error: [-0.13238709  0.43953071  0.30760295]
Q[(12, 3, 3)] error: [ 0.17918757 -0.16826627  0.01007573]
Q[(12, 4, 0)] error: [-0.57043718  0.16314791  0.24447895]
Q[(12, 4, 1)] error: [-0.6757974  -0.26670519  0.13040139]
Q[(12, 4, 2)] error: [ 0.15333241 -1.39814159 -0.68639651]
Q[(12, 4, 3)] error: [ 0.99013638 -0.25516648 -0.17549897]
Q[(12, 6, 0)] error: [ 0.45039198 -0.44180986 -0.48381052]
Q[(12, 6, 1)] error: [-0.27058577 -0.25414442  0.08948958]
Q[(12, 6, 2)] error: [-0.39441298  0.7014998  -0.13066368]
Q[(12, 6, 3)] error: [ 0.1806416  -0.34414359 -0.1711662 ]
Q[(12, 7, 0)] error: [0.66681968 0.41285274 0.08994735]
Q[(12, 7, 1)] error: [ 1.17491588 -0.27884306 -0.19799631]
Q[(12, 7, 2)] error: [ 0.69018299  0.46259806 -0.25548606]
Q[(12, 7, 3)] error: [ 0.11379972 -0.5916841  -0.67638812]
Q[(12, 8, 0)] error: [0.26760979 0.45175692 0.72484266]
Q[(12, 8, 1)] error: [-0.16259269  0.17457682 -0.27308647]
Q[(12, 8, 2)] error: [ 0.24727677  0.15351771 -0.47772973]
Q[(12, 8, 3)] error: [ 0.24588306 -0.16579859 -0.98699133]
Q[(12, 9, 0)] error: [-0.07760373  0.82161022 -0.28327917]
Q[(12, 9, 1)] error: [-0.20340919 -1.05537056  0.28142982]
Q[(12, 9, 2)] error: [ 0.22373509 -0.20024377 -1.18512451]
Q[(12, 9, 3)] error: [ 0.30138847  0.58394201 -0.41679249]
Q[(12, 10, 0)] error: [ 0.52424436 -0.42800193  0.20160498]
Q[(12, 10, 1)] error: [ 0.52725691 -0.67344241 -0.0031606 ]
Q[(12, 10, 2)] error: [ 0.15496047 -0.07528187 -0.35042278]
Q[(12, 10, 3)] error: [-0.43192523  0.46188573 -0.18122582]
Q[(12, 11, 0)] error: [ 0.11397469 -0.99312467 -0.06307921]
Q[(12, 11, 1)] error: [-0.08080504  0.53849074  0.03942243]
Q[(12, 11, 2)] error: [ 0.0467539  -0.0733934   0.05507259]
Q[(12, 11, 3)] error: [ 0.40754153 -0.19572765  0.06323777]
Q[(12, 12, 0)] error: [-0.03470717 -0.15521143 -0.60587753]
Q[(12, 12, 1)] error: [-0.20869496  0.26047296 -0.072745  ]
Q[(12, 12, 2)] error: [ 0.56453772 -0.85716216 -0.47590054]
Q[(12, 12, 3)] error: [-0.51599474 -0.72680726 -0.21059264]
Q[(12, 13, 0)] error: [-0.1299512   1.1675459   0.21707208]
Q[(12, 13, 1)] error: [-0.36351712  0.74999942  0.13724234]
Q[(12, 13, 2)] error: [0.22181689 0.48821661 0.33887421]
Q[(12, 13, 3)] error: [0.23827858 0.29615205 0.5827076 ]
Q[(12, 14, 0)] error: [ 0.00974937  0.24898343 -0.05120255]
Q[(12, 14, 1)] error: [-0.36109733  0.6360348   0.25557418]
Q[(12, 14, 2)] error: [ 0.12894154 -0.13855261 -0.28862448]
Q[(12, 14, 3)] error: [ 1.28812862 -0.04288686 -0.17862521]
Q[(12, 15, 0)] error: [-0.2923308   0.45532906 -0.03222004]
Q[(12, 15, 1)] error: [-0.36002035  0.54609569 -0.06857243]
Q[(12, 15, 2)] error: [ 0.2153704   1.61378095 -0.66681737]
Q[(12, 15, 3)] error: [ 0.45793508 -0.32516864  0.20372307]
Q[(13, 1, 0)] error: [ 0.25852335 -0.08586768  0.08372128]
Q[(13, 1, 1)] error: [ 1.03382918 -0.14507944 -0.26431545]
Q[(13, 1, 2)] error: [ 0.28068927 -0.25932722 -0.20661946]
Q[(13, 1, 3)] error: [ 0.01596549 -0.06900768 -0.15699511]
Q[(13, 2, 0)] error: [ 0.05316196 -0.00665251 -0.04264798]
Q[(13, 2, 1)] error: [ 0.11855726 -0.41359536  0.57869061]
Q[(13, 2, 2)] error: [ 0.68356618 -0.96687526 -0.18697234]
Q[(13, 2, 3)] error: [ 0.13026182  0.13295002 -0.03359058]
Q[(13, 3, 0)] error: [-0.84266712 -0.13706388  0.18755915]
Q[(13, 3, 1)] error: [-0.02368033  0.56013052 -0.16181987]
Q[(13, 3, 2)] error: [0.02690585 0.14446124 0.8892796 ]
Q[(13, 3, 3)] error: [-0.30523259 -1.20163427 -0.23049894]
Q[(13, 4, 0)] error: [-0.4753856   0.11792011 -0.32737561]
Q[(13, 4, 1)] error: [-0.03506014 -0.06424509 -0.06841432]
Q[(13, 4, 2)] error: [-0.09524931 -0.71556954  0.12187854]
Q[(13, 4, 3)] error: [-0.0358142  -0.3812145  -0.10725242]
Q[(13, 6, 0)] error: [ 0.09285011  0.03321391 -0.34114065]
Q[(13, 6, 1)] error: [ 0.20705608 -0.91070155  0.05872293]
Q[(13, 6, 2)] error: [-0.32589462 -0.23597055 -0.18529483]
Q[(13, 6, 3)] error: [ 0.23933396 -0.30938897 -0.30678985]
Q[(13, 7, 0)] error: [-0.04677489  1.15243725 -0.0889441 ]
Q[(13, 7, 1)] error: [-0.45944256 -0.1435483  -0.0451422 ]
Q[(13, 7, 2)] error: [-0.27755412 -0.13200424 -0.98119994]
Q[(13, 7, 3)] error: [-0.22428155  0.42168567 -0.88327787]
Q[(13, 8, 0)] error: [ 0.34284132 -0.50685945  0.09047653]
Q[(13, 8, 1)] error: [-0.62181239 -0.36436624 -0.10662589]
Q[(13, 8, 2)] error: [-0.68756042  0.12680546 -0.08286452]
Q[(13, 8, 3)] error: [-0.12831562  0.08354977 -0.29563888]
Q[(13, 9, 0)] error: [ 0.10446863 -0.20290466  0.54584159]
Q[(13, 9, 1)] error: [-0.85478303  0.02340257 -0.58449751]
Q[(13, 9, 2)] error: [ 0.29489851  0.24649583 -0.08570192]
Q[(13, 9, 3)] error: [-0.10370556 -1.33741083  0.00597702]
Q[(13, 10, 0)] error: [ 0.12730296 -0.00678121  0.32494081]
Q[(13, 10, 1)] error: [-0.93425144 -0.29200021 -0.19794338]
Q[(13, 10, 2)] error: [0.08237047 0.45743975 0.2514845 ]
Q[(13, 10, 3)] error: [0.26425084 0.34762474 0.17055214]
Q[(13, 11, 0)] error: [ 0.49366442 -0.30745631  0.21422854]
Q[(13, 11, 1)] error: [-0.51119425 -0.02591406  0.11081899]
Q[(13, 11, 2)] error: [-0.02951869  0.38017473 -0.63041316]
Q[(13, 11, 3)] error: [0.34717188 0.05644601 0.00961092]
Q[(13, 12, 0)] error: [-0.29645466 -0.49364035 -0.27207231]
Q[(13, 12, 1)] error: [-0.72954055  0.25351724 -0.14008643]
Q[(13, 12, 2)] error: [ 0.25453087  0.19604839 -0.33250878]
Q[(13, 12, 3)] error: [-0.12681376 -0.70725736 -0.16962979]
Q[(13, 13, 0)] error: [-0.47094736  0.37611349 -0.38179408]
Q[(13, 13, 1)] error: [-0.57021857 -0.438078   -0.29763162]
Q[(13, 13, 2)] error: [-0.26013276  0.45942795 -0.51482911]
Q[(13, 13, 3)] error: [ 0.25406276  0.3054063  -0.20575767]
Q[(13, 14, 0)] error: [-0.32896515 -1.18665022 -0.05119557]
Q[(13, 14, 1)] error: [-0.3029541   0.12650886  0.19330749]
Q[(13, 14, 2)] error: [ 0.03074683 -0.40655988 -0.15265731]
Q[(13, 14, 3)] error: [ 0.36298899 -0.01723832  0.2502482 ]
Q[(13, 15, 0)] error: [-0.01157224  0.25178858  0.13033395]
Q[(13, 15, 1)] error: [-0.10581466  0.65987533  0.1455127 ]
Q[(13, 15, 2)] error: [ 0.30451326 -0.03892911 -0.40569208]
Q[(13, 15, 3)] error: [ 0.06679863 -0.0566994   0.22083588]
Q[(14, 2, 0)] error: [-1.25117954 -0.30600133 -0.30598242]
Q[(14, 2, 1)] error: [-0.71716008 -0.25646818 -0.17701747]
Q[(14, 2, 2)] error: [-0.03228344  0.1152808  -0.5344272 ]
Q[(14, 2, 3)] error: [ 0.0063994  -0.083152    0.02206544]
Q[(14, 3, 0)] error: [-0.68334196 -0.84197903 -0.10685468]
Q[(14, 3, 1)] error: [-0.28544435 -0.19684816 -0.11199466]
Q[(14, 3, 2)] error: [ 0.15832266 -0.09922945  0.09089312]
Q[(14, 3, 3)] error: [ 0.14333586 -1.08083764 -0.32188458]
Q[(14, 4, 0)] error: [-0.65883694  0.17107795 -0.2768201 ]
Q[(14, 4, 1)] error: [-0.63954718 -1.65950114 -0.00227994]
Q[(14, 4, 2)] error: [ 0.85040229 -0.1174017  -0.35630779]
Q[(14, 4, 3)] error: [ 0.29442837 -0.94933874 -0.54136771]
Q[(14, 5, 0)] error: [ 0.62033383 -1.05399239 -0.27373513]
Q[(14, 5, 1)] error: [-0.59640251  0.91567851  0.60275359]
Q[(14, 5, 2)] error: [ 0.87007978 -0.18623296  0.42590626]
Q[(14, 5, 3)] error: [0.92268205 0.31205922 0.11105955]
Q[(14, 6, 0)] error: [-0.03156531 -0.00241097 -0.21067427]
Q[(14, 6, 1)] error: [-0.5139758   0.08734287  0.47725336]
Q[(14, 6, 2)] error: [0.63326986 0.34627978 0.61780671]
Q[(14, 6, 3)] error: [ 0.7137506 -0.4044905 -0.2221085]
Q[(14, 7, 0)] error: [ 0.19481074 -0.07609435 -0.22312365]
Q[(14, 7, 1)] error: [-0.4717137  -0.52087545  0.3054924 ]
Q[(14, 7, 2)] error: [ 0.06314081 -0.09088492 -0.06857432]
Q[(14, 7, 3)] error: [ 0.14512519 -0.22041252 -0.22388185]
Q[(14, 8, 0)] error: [ 0.81464216 -0.00121709  0.69159682]
Q[(14, 8, 1)] error: [-0.50189304  0.41054327  0.47221305]
Q[(14, 8, 2)] error: [ 0.08911308 -0.56280614  0.36992313]
Q[(14, 8, 3)] error: [ 0.75598372  0.98726201 -0.1742048 ]
Q[(14, 9, 0)] error: [-0.06487414 -0.05209609  0.28591704]
Q[(14, 9, 1)] error: [-0.4520806   0.21088242  0.33787139]
Q[(14, 9, 2)] error: [0.21444419 0.13876709 0.0891716 ]
Q[(14, 9, 3)] error: [-0.05405749  1.49168988  0.0884457 ]
Q[(14, 10, 0)] error: [0.49263009 0.96453967 0.31076823]
Q[(14, 10, 1)] error: [-0.20365721 -0.69877914  0.17674517]
Q[(14, 10, 2)] error: [ 0.36993   -1.0528944  0.4005116]
Q[(14, 10, 3)] error: [-0.10873613  0.71057649 -0.39269651]
Q[(14, 11, 0)] error: [-0.05343785  0.55672901  0.1122305 ]
Q[(14, 11, 1)] error: [0.15443798 0.1662041  0.47796526]
Q[(14, 11, 2)] error: [ 0.01545463 -0.01537221 -0.08279162]
Q[(14, 11, 3)] error: [0.30483284 0.62975579 0.22083007]
Q[(14, 12, 0)] error: [-0.13001047 -0.17559513 -0.30614535]
Q[(14, 12, 1)] error: [0.0110035  0.6407654  0.00630185]
Q[(14, 12, 2)] error: [ 0.93470224  0.35463657 -0.00908281]
Q[(14, 12, 3)] error: [ 0.14693836 -0.03359417  0.18789571]
Q[(14, 13, 0)] error: [-0.50120082  0.36379456  0.3111555 ]
Q[(14, 13, 1)] error: [-0.29684748  0.06594562  0.05849107]
Q[(14, 13, 2)] error: [ 0.12613952 -0.73957026 -0.22472895]
Q[(14, 13, 3)] error: [0.77920787 0.38306798 0.31027903]
Q[(14, 14, 0)] error: [-0.43136995  0.01652171 -0.16729204]
Q[(14, 14, 1)] error: [0.1941166  1.00323142 0.61382769]
Q[(14, 14, 2)] error: [ 0.29848859  0.70277178 -0.26610384]
Q[(14, 14, 3)] error: [ 0.19840271 -0.83179683 -0.06317797]
Q[(14, 15, 0)] error: [-0.03958809  0.38554171 -0.86908937]
Q[(14, 15, 1)] error: [ 0.24959893  0.58605209 -0.18194454]
Q[(14, 15, 2)] error: [0.38660744 0.63679088 0.37286532]
Q[(14, 15, 3)] error: [ 0.20920549 -0.19435399  0.30904474]
Q[(15, 1, 0)] error: [-0.63691753 -0.66602998 -0.21123511]
Q[(15, 1, 1)] error: [-0.12771412 -0.44413365 -0.49981275]
Q[(15, 1, 2)] error: [-0.50332246 -0.04861193 -0.21187974]
Q[(15, 1, 3)] error: [-0.63016674 -0.42897374 -0.56761777]
Q[(15, 2, 0)] error: [ 0.31312982  0.1830555  -0.03898782]
Q[(15, 2, 1)] error: [-0.5151368  -0.2198455  -0.33734851]
Q[(15, 2, 2)] error: [-0.37774521  0.40792504  0.07787195]
Q[(15, 2, 3)] error: [-0.12615152 -0.10910427 -0.46808104]
Q[(15, 3, 0)] error: [-0.37996179  0.29540668  0.20413737]
Q[(15, 3, 1)] error: [-0.06865317 -0.38930954 -0.98196405]
Q[(15, 3, 2)] error: [-0.27627411 -0.10824671  0.03826974]
Q[(15, 3, 3)] error: [ 0.35992592 -0.25924043 -0.24419326]
Q[(15, 4, 0)] error: [ 0.50767291 -0.26183039 -0.01414642]
Q[(15, 4, 1)] error: [-0.2447033  -0.50247476 -0.43409233]
Q[(15, 4, 2)] error: [ 0.12589316 -0.00685672  0.18296451]
Q[(15, 4, 3)] error: [ 0.05110984  0.43272607 -0.15018542]
Q[(15, 5, 0)] error: [-0.43238907  0.49764876  0.36321418]
Q[(15, 5, 1)] error: [-0.10245    -0.46354111 -1.08119744]
Q[(15, 5, 2)] error: [ 0.22270374 -0.61054631  0.30777633]
Q[(15, 5, 3)] error: [-0.2562348   0.05206089  0.05591404]
Q[(15, 6, 0)] error: [-0.50357268  0.85591436  0.37898583]
Q[(15, 6, 1)] error: [-0.21121867  0.00280972 -0.57880171]
Q[(15, 6, 2)] error: [ 0.03558485  0.00345122 -0.05730677]
Q[(15, 6, 3)] error: [ 0.76408852 -0.0191813  -1.30485977]
Q[(15, 7, 0)] error: [-0.40370457  0.04107484  0.11703054]
Q[(15, 7, 1)] error: [-0.12554291  0.12798861 -0.19783415]
Q[(15, 7, 2)] error: [-0.011862   -0.03285927 -0.72998328]
Q[(15, 7, 3)] error: [-0.36014881  0.12126439 -0.08101711]
Q[(15, 8, 0)] error: [-0.16187322 -0.07964123  0.24974736]
Q[(15, 8, 1)] error: [ 0.07229876  0.02949418 -0.65891737]
Q[(15, 8, 2)] error: [0.33474126 0.09603686 0.09726015]
Q[(15, 8, 3)] error: [ 0.0261924  -0.004549    0.11980467]
Q[(15, 10, 0)] error: [0.42733725 0.47920143 0.52747905]
Q[(15, 10, 1)] error: [-0.21871907  0.41869122 -0.01381519]
Q[(15, 10, 2)] error: [-0.24537789  0.08334743 -0.2304403 ]
Q[(15, 10, 3)] error: [0.27211433 0.21640025 0.66851017]
Q[(15, 11, 0)] error: [-0.07377392  0.03949301  0.06496937]
Q[(15, 11, 1)] error: [-0.33756044  0.33489785  0.07619491]
Q[(15, 11, 2)] error: [1.21799715 0.01466863 0.27121666]
Q[(15, 11, 3)] error: [0.50030402 0.10666115 0.54767514]
Q[(15, 12, 0)] error: [-0.43602622  0.04982039 -0.04615514]
Q[(15, 12, 1)] error: [-0.35478177  0.38441176  0.24568273]
Q[(15, 12, 2)] error: [ 0.30390668  0.10757207 -0.16038564]
Q[(15, 12, 3)] error: [ 0.46280404  0.79192187 -0.0968977 ]
Q[(15, 13, 0)] error: [-0.40304712  0.06064414 -0.10201446]
Q[(15, 13, 1)] error: [-0.26468061  0.12617348 -0.17583975]
Q[(15, 13, 2)] error: [1.33641872 0.47034772 0.14332845]
Q[(15, 13, 3)] error: [0.61045659 0.42679834 0.35969883]
Q[(15, 14, 0)] error: [-0.39772986 -0.16793138 -0.07451951]
Q[(15, 14, 1)] error: [-0.13520164  0.29281619  0.01606936]
Q[(15, 14, 2)] error: [-0.02850731  0.34901039  0.2526287 ]
Q[(15, 14, 3)] error: [0.59104551 0.4307405  1.1076092 ]
Q[(15, 15, 0)] error: [0. 0. 0.]
Q[(15, 15, 1)] error: [0. 0. 0.]
Q[(15, 15, 2)] error: [0. 0. 0.]
Q[(15, 15, 3)] error: [0. 0. 0.]
