V((1, 1, 0)): -37.894882029502185
Q((1, 1, 0)): [-37.89488203 -40.23388416 -39.13222937]
V((1, 1, 1)): -37.42639091606037
Q((1, 1, 1)): [-37.42639092 -40.78899977 -39.58476017]
V((1, 1, 2)): -40.212253408112566
Q((1, 1, 2)): [-40.21225341 -40.8798505  -40.79523455]
V((1, 1, 3)): -39.98876316146691
Q((1, 1, 3)): [-39.98876316 -40.28184211 -40.78558831]
V((1, 2, 0)): -35.3387264062549
Q((1, 2, 0)): [-35.33872641 -38.51875626 -37.33377479]
V((1, 2, 1)): -35.506682236979735
Q((1, 2, 1)): [-35.50668224 -38.84726285 -37.44203202]
V((1, 2, 2)): -37.41469344421396
Q((1, 2, 2)): [-37.41469344 -38.14178349 -38.48743997]
V((1, 2, 3)): -37.30487542961421
Q((1, 2, 3)): [-37.30487543 -39.44026116 -38.24733355]
V((1, 3, 0)): -33.82374627548833
Q((1, 3, 0)): [-33.82374628 -35.75915262 -35.03747456]
V((1, 3, 1)): -33.454890118769285
Q((1, 3, 1)): [-33.45489012 -36.24137909 -35.13972665]
V((1, 3, 2)): -35.64976465892268
Q((1, 3, 2)): [-35.64976466 -36.19749579 -36.18429977]
V((1, 3, 3)): -35.07561088516558
Q((1, 3, 3)): [-35.07561089 -36.46129556 -36.03479514]
V((1, 4, 0)): -31.36135442996317
Q((1, 4, 0)): [-31.36135443 -33.73124422 -32.95846866]
V((1, 4, 1)): -32.15310122939309
Q((1, 4, 1)): [-32.15310123 -33.95121405 -33.34666062]
V((1, 4, 2)): -33.5009194919925
Q((1, 4, 2)): [-33.50091949 -33.72556465 -34.07135563]
V((1, 4, 3)): -33.925950412837324
Q((1, 4, 3)): [-33.92595041 -33.95135312 -34.57047824]
V((1, 5, 0)): -29.952098415676446
Q((1, 5, 0)): [-29.95209842 -32.01772706 -31.22532287]
V((1, 5, 1)): -29.80285807037743
Q((1, 5, 1)): [-29.80285807 -32.40862447 -31.09335402]
V((1, 5, 2)): -31.602614763077195
Q((1, 5, 2)): [-31.60261476 -32.06663392 -31.99953133]
V((1, 5, 3)): -31.728916770544647
Q((1, 5, 3)): [-31.72891677 -33.52680942 -31.91130394]
V((1, 6, 0)): -27.692445161306075
Q((1, 6, 0)): [-27.69244516 -30.48451082 -29.10424566]
V((1, 6, 1)): -27.994000762598002
Q((1, 6, 1)): [-27.99400076 -30.63459803 -29.24759046]
V((1, 6, 2)): -29.928416403697593
Q((1, 6, 2)): [-29.9284164  -29.99651548 -29.97759258]
V((1, 6, 3)): -29.187395794962647
Q((1, 6, 3)): [-29.18739579 -30.01680831 -29.59618389]
V((1, 7, 0)): -26.03925655043339
Q((1, 7, 0)): [-26.03925655 -26.84889069 -26.98855951]
V((1, 7, 1)): -25.954938143644156
Q((1, 7, 1)): [-25.95493814 -29.05739382 -27.77564897]
V((1, 7, 2)): -28.258031066891018
Q((1, 7, 2)): [-28.29781981 -28.25803107 -28.35953791]
V((1, 7, 3)): -27.977949638067503
Q((1, 7, 3)): [-27.97794964 -29.90985605 -28.35274365]
V((1, 8, 0)): -23.593727006242148
Q((1, 8, 0)): [-23.59372701 -24.73318593 -25.31170235]
V((1, 8, 1)): -24.021516726754953
Q((1, 8, 1)): [-24.02151673 -25.97987286 -25.23197964]
V((1, 8, 2)): -25.917820778192837
Q((1, 8, 2)): [-25.99817882 -25.91782078 -25.91830304]
V((1, 8, 3)): -25.40418082294759
Q((1, 8, 3)): [-25.40418082 -26.61414318 -25.58363927]
V((1, 9, 0)): -22.119731838741856
Q((1, 9, 0)): [-22.11973184 -23.9953767  -23.86024974]
V((1, 9, 1)): -22.250787659226486
Q((1, 9, 1)): [-22.25078766 -24.52064957 -24.09892559]
V((1, 9, 2)): -23.81031025978856
Q((1, 9, 2)): [-23.81031026 -24.16976038 -24.27060125]
V((1, 9, 3)): -23.96866567084929
Q((1, 9, 3)): [-23.96866567 -24.26606708 -24.72373318]
V((1, 10, 0)): -18.643431535318303
Q((1, 10, 0)): [-18.64343154 -22.36970423 -21.54213501]
V((1, 10, 1)): -20.298777447413027
Q((1, 10, 1)): [-20.29877745 -22.47443823 -22.13597482]
V((1, 10, 2)): -21.965976980459246
Q((1, 10, 2)): [-21.96597698 -22.24397139 -22.23882606]
V((1, 10, 3)): -20.795099526996918
Q((1, 10, 3)): [-20.79509953 -23.45538791 -22.1363018 ]
V((2, 1, 0)): -35.93218910861397
Q((2, 1, 0)): [-35.93218911 -38.54934678 -37.42816883]
V((2, 1, 1)): -35.5597331724771
Q((2, 1, 1)): [-35.55973317 -38.6901909  -37.57115763]
V((2, 1, 2)): -37.92167161087346
Q((2, 1, 2)): [-37.92167161 -40.73366621 -39.14387338]
V((2, 1, 3)): -37.834727065130515
Q((2, 1, 3)): [-37.83472707 -38.5044014  -38.51026016]
V((2, 2, 0)): -33.59128101084895
Q((2, 2, 0)): [-33.59128101 -36.00452657 -35.23444417]
V((2, 2, 1)): -33.66817921160164
Q((2, 2, 1)): [-33.66817921 -37.31386199 -35.13901998]
V((2, 2, 2)): -36.05979670191933
Q((2, 2, 2)): [-36.0597967  -37.43500921 -36.25123712]
V((2, 2, 3)): -35.19753611573915
Q((2, 2, 3)): [-35.19753612 -38.0544705  -36.16439671]
V((2, 3, 0)): -31.744339884141755
Q((2, 3, 0)): [-31.74433988 -34.24499524 -33.72183786]
V((2, 3, 1)): -31.488841483872662
Q((2, 3, 1)): [-31.48884148 -35.01659256 -33.22550957]
V((2, 3, 2)): -33.63632443075741
Q((2, 3, 2)): [-33.63632443 -35.3031615  -34.38411624]
V((2, 3, 3)): -33.6149127464955
Q((2, 3, 3)): [-33.61491275 -34.99798196 -34.4221654 ]
V((2, 4, 0)): -29.456163784806346
Q((2, 4, 0)): [-29.45616378 -32.7673459  -31.42485601]
V((2, 4, 1)): -29.444281842050668
Q((2, 4, 1)): [-29.44428184 -32.92074682 -31.12523136]
V((2, 4, 2)): -31.52612875037779
Q((2, 4, 2)): [-31.52612875 -33.49970864 -32.8042018 ]
V((2, 4, 3)): -31.192923845800657
Q((2, 4, 3)): [-31.19292385 -32.10488488 -31.98259652]
V((2, 5, 0)): -27.642462627102756
Q((2, 5, 0)): [-27.64246263 -30.86177189 -29.64949934]
V((2, 5, 1)): -27.619234041140782
Q((2, 5, 1)): [-27.61923404 -30.16962606 -29.52561908]
V((2, 5, 2)): -30.17852406504535
Q((2, 5, 2)): [-30.17852407 -30.3677661  -30.45878684]
V((2, 5, 3)): -29.708561390894296
Q((2, 5, 3)): [-29.70856139 -31.14994013 -30.48495918]
V((2, 6, 0)): -25.62635425381558
Q((2, 6, 0)): [-25.62635425 -27.90164867 -27.79318101]
V((2, 6, 1)): -25.877987368013464
Q((2, 6, 1)): [-25.87798737 -28.65367673 -27.18789373]
V((2, 6, 2)): -27.955541529250368
Q((2, 6, 2)): [-27.95554153 -28.96531967 -28.55698805]
V((2, 6, 3)): -27.26479015847386
Q((2, 6, 3)): [-27.26479016 -29.05604806 -27.5410054 ]
V((2, 7, 0)): -23.82559535979881
Q((2, 7, 0)): [-23.82559536 -26.77559818 -25.64430028]
V((2, 7, 1)): -23.573747264185638
Q((2, 7, 1)): [-23.57374726 -26.29683679 -25.50423682]
V((2, 7, 2)): -26.092993606518977
Q((2, 7, 2)): [-26.09299361 -27.07797383 -26.30262737]
V((2, 7, 3)): -25.945321361911585
Q((2, 7, 3)): [-25.94532136 -26.89799685 -26.30501134]
V((2, 8, 0)): -21.636581306654442
Q((2, 8, 0)): [-21.63658131 -23.35705112 -23.84880209]
V((2, 8, 1)): -21.753703878265966
Q((2, 8, 1)): [-21.75370388 -24.32570484 -23.86344139]
V((2, 8, 2)): -24.071507436864334
Q((2, 8, 2)): [-24.07150744 -25.12499454 -24.34751372]
V((2, 8, 3)): -24.365369414555797
Q((2, 8, 3)): [-24.36536941 -24.66857883 -24.43130573]
V((2, 9, 0)): -19.80214006016241
Q((2, 9, 0)): [-19.80214006 -22.45917974 -21.28737584]
V((2, 9, 1)): -20.134841119179523
Q((2, 9, 1)): [-20.13484112 -22.1311826  -21.53580401]
V((2, 9, 2)): -22.297205100669053
Q((2, 9, 2)): [-22.2972051  -22.81898051 -22.31905752]
V((2, 9, 3)): -21.846081248386792
Q((2, 9, 3)): [-21.84608125 -22.9146107  -21.98898814]
V((2, 10, 0)): -16.69907381905705
Q((2, 10, 0)): [-16.69907382 -20.65333284 -19.85079914]
V((2, 10, 1)): -18.480209006011332
Q((2, 10, 1)): [-18.48020901 -21.07043144 -20.03789013]
V((2, 10, 2)): -19.93645176426692
Q((2, 10, 2)): [-19.93645176 -21.21639676 -21.87564822]
V((2, 10, 3)): -18.690295093348947
Q((2, 10, 3)): [-18.69029509 -22.35162486 -21.42378711]
V((3, 1, 0)): -33.81944382036264
Q((3, 1, 0)): [-33.81944382 -37.12652295 -35.39763937]
V((3, 1, 1)): -33.586295599357335
Q((3, 1, 1)): [-33.5862956  -36.56029193 -35.52259266]
V((3, 1, 2)): -36.140112329177015
Q((3, 1, 2)): [-36.14011233 -37.46014865 -37.19598133]
V((3, 1, 3)): -35.63706492468613
Q((3, 1, 3)): [-35.63706492 -36.45637319 -37.5069282 ]
V((3, 2, 0)): -32.19776781551568
Q((3, 2, 0)): [-32.19776782 -34.49297995 -33.76564092]
V((3, 2, 1)): -31.815618468246335
Q((3, 2, 1)): [-31.81561847 -34.12937458 -33.18872058]
V((3, 2, 2)): -34.52629391268475
Q((3, 2, 2)): [-34.52629391 -34.88172827 -34.83664122]
V((3, 2, 3)): -33.268813979738226
Q((3, 2, 3)): [-33.26881398 -35.18412921 -35.35911185]
V((3, 3, 0)): -29.79369493301114
Q((3, 3, 0)): [-29.79369493 -32.68627727 -31.9069567 ]
V((3, 3, 1)): -29.994409204822606
Q((3, 3, 1)): [-29.9944092  -33.33959469 -31.67286661]
V((3, 3, 2)): -31.85045925939446
Q((3, 3, 2)): [-31.85045926 -33.08056035 -32.56240859]
V((3, 3, 3)): -32.07617638744019
Q((3, 3, 3)): [-32.07617639 -32.548051   -33.13052399]
V((3, 4, 0)): -27.61792948621986
Q((3, 4, 0)): [-27.61792949 -31.47917713 -29.7716631 ]
V((3, 4, 1)): -27.955518969528864
Q((3, 4, 1)): [-27.95551897 -31.48264036 -30.28655012]
V((3, 4, 2)): -30.1744576524098
Q((3, 4, 2)): [-30.17445765 -31.48903183 -31.07670743]
V((3, 4, 3)): -30.01235199409494
Q((3, 4, 3)): [-30.01235199 -31.97958369 -30.80320446]
V((3, 5, 0)): -25.54412868395598
Q((3, 5, 0)): [-25.54412868 -29.33685124 -27.49977234]
V((3, 5, 1)): -25.673986710131352
Q((3, 5, 1)): [-25.67398671 -28.78770667 -28.01165901]
V((3, 5, 2)): -27.927663689860516
Q((3, 5, 2)): [-27.92766369 -30.13751112 -30.24568839]
V((3, 5, 3)): -27.919130491534126
Q((3, 5, 3)): [-27.91913049 -29.93712393 -29.20457533]
V((3, 6, 0)): -23.323164258496643
Q((3, 6, 0)): [-23.32316426 -26.77467488 -26.03359098]
V((3, 6, 1)): -23.771104839693738
Q((3, 6, 1)): [-23.77110484 -27.02711564 -25.685141  ]
V((3, 6, 2)): -26.56891444704766
Q((3, 6, 2)): [-26.56891445 -27.09542157 -26.69363778]
V((3, 6, 3)): -25.78543522675923
Q((3, 6, 3)): [-25.78543523 -26.53112327 -26.81413962]
V((3, 7, 0)): -22.098171458358014
Q((3, 7, 0)): [-22.09817146 -25.63741826 -23.90147838]
V((3, 7, 1)): -22.370217622621
Q((3, 7, 1)): [-22.37021762 -25.63842883 -23.44039803]
V((3, 7, 2)): -24.110580949897184
Q((3, 7, 2)): [-24.11058095 -26.24471988 -25.41061048]
V((3, 7, 3)): -23.967490340276974
Q((3, 7, 3)): [-23.96749034 -25.11878305 -26.14330949]
V((3, 8, 0)): -19.80180806047253
Q((3, 8, 0)): [-19.80180806 -23.11542446 -21.95323231]
V((3, 8, 1)): -20.73281910132401
Q((3, 8, 1)): [-20.7328191  -22.60946454 -21.54678639]
V((3, 8, 2)): -22.144747610156223
Q((3, 8, 2)): [-22.14474761 -23.14796688 -22.71090143]
V((3, 8, 3)): -21.57763252784885
Q((3, 8, 3)): [-21.57763253 -24.12971847 -22.553408  ]
V((3, 9, 0)): -17.734258416812
Q((3, 9, 0)): [-17.73425842 -21.2786496  -19.81094512]
V((3, 9, 1)): -18.653236535288976
Q((3, 9, 1)): [-18.65323654 -21.11122365 -19.92557295]
V((3, 9, 2)): -20.60338897496288
Q((3, 9, 2)): [-20.60338897 -21.72259695 -20.74453665]
V((3, 9, 3)): -19.876792378069087
Q((3, 9, 3)): [-19.87679238 -22.02597111 -20.7007925 ]
V((3, 10, 0)): -14.366840358750352
Q((3, 10, 0)): [-14.36684036 -18.88778033 -18.0513929 ]
V((3, 10, 1)): -16.4495369216731
Q((3, 10, 1)): [-16.44953692 -19.04348064 -17.81633169]
V((3, 10, 2)): -18.059145012959988
Q((3, 10, 2)): [-18.05914501 -19.4415137  -19.77936317]
V((3, 10, 3)): -16.716071919246012
Q((3, 10, 3)): [-16.71607192 -21.26904536 -20.11449573]
V((4, 1, 0)): -31.902909198388176
Q((4, 1, 0)): [-31.9029092  -34.63796187 -33.12547407]
V((4, 1, 1)): -31.385523270313463
Q((4, 1, 1)): [-31.38552327 -34.67111813 -33.60845571]
V((4, 1, 2)): -33.84826724324622
Q((4, 1, 2)): [-33.84826724 -36.05678646 -34.65820528]
V((4, 1, 3)): -33.68161693907941
Q((4, 1, 3)): [-33.68161694 -34.63274429 -34.33825705]
V((4, 2, 0)): -30.60133027207466
Q((4, 2, 0)): [-30.60133027 -32.8228655  -31.23653302]
V((4, 2, 1)): -29.544199066418706
Q((4, 2, 1)): [-29.54419907 -32.9261459  -31.26146943]
V((4, 2, 2)): -31.824804729084768
Q((4, 2, 2)): [-31.82480473 -33.13772266 -33.43958096]
V((4, 2, 3)): -32.05864057093501
Q((4, 2, 3)): [-32.05864057 -34.54074202 -32.71492697]
V((4, 3, 0)): -27.777317834969423
Q((4, 3, 0)): [-27.77731783 -30.33196112 -29.46087322]
V((4, 3, 1)): -27.920832002011128
Q((4, 3, 1)): [-27.920832   -30.93020859 -29.73432665]
V((4, 3, 2)): -29.55999713297742
Q((4, 3, 2)): [-29.55999713 -32.27623041 -30.57312714]
V((4, 3, 3)): -29.64286569132988
Q((4, 3, 3)): [-29.64286569 -32.9991864  -30.13928261]
V((4, 4, 0)): -25.979436621965753
Q((4, 4, 0)): [-25.97943662 -29.65839951 -27.32490852]
V((4, 4, 1)): -25.62894603974731
Q((4, 4, 1)): [-25.62894604 -29.58817894 -27.56461112]
V((4, 4, 2)): -27.90502656215789
Q((4, 4, 2)): [-27.90502656 -29.24819666 -29.40264547]
V((4, 4, 3)): -27.944148278455028
Q((4, 4, 3)): [-27.94414828 -29.75757525 -28.74773914]
V((4, 5, 0)): -23.735656669661534
Q((4, 5, 0)): [-23.73565667 -26.9617638  -25.65712381]
V((4, 5, 1)): -24.467574222182485
Q((4, 5, 1)): [-24.46757422 -26.64569168 -25.61833334]
V((4, 5, 2)): -26.474505046577008
Q((4, 5, 2)): [-26.47450505 -27.27867399 -27.39999595]
V((4, 5, 3)): -25.588587273576845
Q((4, 5, 3)): [-25.58858727 -28.26739985 -27.22135617]
V((4, 6, 0)): -21.872838822791866
Q((4, 6, 0)): [-21.87283882 -25.25486773 -23.40705592]
V((4, 6, 1)): -22.069187135821693
Q((4, 6, 1)): [-22.06918714 -25.49960404 -23.36763399]
V((4, 6, 2)): -24.183431331902064
Q((4, 6, 2)): [-24.18343133 -26.08377708 -25.02007961]
V((4, 6, 3)): -23.887914281524964
Q((4, 6, 3)): [-23.88791428 -26.30577545 -25.45432352]
V((4, 7, 0)): -20.14787562391222
Q((4, 7, 0)): [-20.14787562 -22.92626278 -22.01034042]
V((4, 7, 1)): -20.153306797031856
Q((4, 7, 1)): [-20.1533068  -22.60654927 -21.86604984]
V((4, 7, 2)): -21.785937280430026
Q((4, 7, 2)): [-21.78593728 -25.15094172 -23.75472335]
V((4, 7, 3)): -21.828654718032904
Q((4, 7, 3)): [-21.82865472 -24.86615174 -23.25869026]
V((4, 8, 0)): -17.739737564016917
Q((4, 8, 0)): [-17.73973756 -21.83534204 -20.21464741]
V((4, 8, 1)): -18.328505375654547
Q((4, 8, 1)): [-18.32850538 -20.60253009 -19.7025373 ]
V((4, 8, 2)): -20.301250127787757
Q((4, 8, 2)): [-20.30125013 -22.04424776 -21.54941662]
V((4, 8, 3)): -19.828035458669927
Q((4, 8, 3)): [-19.82803546 -23.35523194 -21.91655791]
V((4, 9, 0)): -16.013703285351642
Q((4, 9, 0)): [-16.01370329 -19.40160404 -18.10054022]
V((4, 9, 1)): -16.522721473686115
Q((4, 9, 1)): [-16.52272147 -18.83723843 -18.03066436]
V((4, 9, 2)): -17.853641825458293
Q((4, 9, 2)): [-17.85364183 -20.67302755 -19.23461414]
V((4, 9, 3)): -18.040065879661626
Q((4, 9, 3)): [-18.04006588 -20.59794793 -20.01498169]
V((4, 10, 0)): -12.400230066387357
Q((4, 10, 0)): [-12.40023007 -16.01245586 -16.06618573]
V((4, 10, 1)): -14.87426915760745
Q((4, 10, 1)): [-14.87426916 -17.23352832 -15.96853776]
V((4, 10, 2)): -16.151406527375244
Q((4, 10, 2)): [-16.15140653 -17.79539336 -18.21679736]
V((4, 10, 3)): -14.788298478956646
Q((4, 10, 3)): [-14.78829848 -19.38066261 -17.36985756]
V((5, 1, 0)): -29.83333859377531
Q((5, 1, 0)): [-29.83333859 -31.77983869 -31.44293661]
V((5, 1, 1)): -29.51916785558399
Q((5, 1, 1)): [-29.51916786 -32.55279145 -31.7745374 ]
V((5, 1, 2)): -31.9834227084149
Q((5, 1, 2)): [-31.98342271 -33.23651984 -32.87968611]
V((5, 1, 3)): -31.970124251526624
Q((5, 1, 3)): [-31.97012425 -32.6925121  -32.84087183]
V((5, 2, 0)): -28.653779697828362
Q((5, 2, 0)): [-28.6537797  -31.31744511 -29.28158104]
V((5, 2, 1)): -28.240334380050754
Q((5, 2, 1)): [-28.24033438 -30.43555185 -29.53282643]
V((5, 2, 2)): -29.91420430854786
Q((5, 2, 2)): [-29.91420431 -30.8434798  -30.82299911]
V((5, 2, 3)): -30.050716084777022
Q((5, 2, 3)): [-30.05071608 -31.45397532 -30.80297831]
V((5, 3, 0)): -25.859953371083964
Q((5, 3, 0)): [-25.85995337 -28.4998893  -27.45684876]
V((5, 3, 1)): -25.318262699479334
Q((5, 3, 1)): [-25.3182627  -28.6665942  -27.57518229]
V((5, 3, 2)): -27.75351620824582
Q((5, 3, 2)): [-27.75351621 -29.11848162 -29.23705085]
V((5, 3, 3)): -27.399967907070625
Q((5, 3, 3)): [-27.39996791 -27.80560366 -28.72507728]
V((5, 4, 0)): -23.896447096520355
Q((5, 4, 0)): [-23.8964471  -27.52446687 -24.99474242]
V((5, 4, 1)): -23.298397499047173
Q((5, 4, 1)): [-23.2983975  -26.83112107 -25.65576446]
V((5, 4, 2)): -25.70168978471582
Q((5, 4, 2)): [-25.70168978 -28.84878666 -26.93305131]
V((5, 4, 3)): -25.909322575871187
Q((5, 4, 3)): [-25.90932258 -28.27057705 -26.72809436]
V((5, 5, 0)): -22.214136007892353
Q((5, 5, 0)): [-22.21413601 -24.82944726 -23.41967553]
V((5, 5, 1)): -21.461202856626937
Q((5, 5, 1)): [-21.46120286 -25.33685043 -24.19239729]
V((5, 5, 2)): -24.012412778190377
Q((5, 5, 2)): [-24.01241278 -26.83409454 -25.38136688]
V((5, 5, 3)): -23.996314900702114
Q((5, 5, 3)): [-23.9963149  -27.13043026 -24.62360684]
V((5, 6, 0)): -20.062580993619406
Q((5, 6, 0)): [-20.06258099 -22.94371729 -21.38873228]
V((5, 6, 1)): -19.78902965552294
Q((5, 6, 1)): [-19.78902966 -21.73037102 -21.57798552]
V((5, 6, 2)): -22.491138619796466
Q((5, 6, 2)): [-22.49113862 -25.19011321 -22.96068199]
V((5, 6, 3)): -21.961183614613656
Q((5, 6, 3)): [-21.96118361 -24.04124942 -23.15641935]
V((5, 7, 0)): -17.82861362534281
Q((5, 7, 0)): [-17.82861363 -20.92241381 -19.76794238]
V((5, 7, 1)): -17.89422077634665
Q((5, 7, 1)): [-17.89422078 -20.04995344 -19.7504794 ]
V((5, 7, 2)): -19.85945406358365
Q((5, 7, 2)): [-19.85945406 -23.28669289 -21.36411893]
V((5, 7, 3)): -19.582705429259278
Q((5, 7, 3)): [-19.58270543 -21.48131624 -20.92943972]
V((5, 8, 0)): -15.650634796967719
Q((5, 8, 0)): [-15.6506348  -18.51395894 -17.63373836]
V((5, 8, 1)): -15.977860500950444
Q((5, 8, 1)): [-15.9778605  -19.03472341 -17.20340218]
V((5, 8, 2)): -18.196613923174045
Q((5, 8, 2)): [-18.19661392 -20.37430178 -20.12705526]
V((5, 8, 3)): -17.650665279240016
Q((5, 8, 3)): [-17.65066528 -20.77162045 -19.81872479]
V((5, 9, 0)): -14.550221840023639
Q((5, 9, 0)): [-14.55022184 -16.98154984 -15.66508017]
V((5, 9, 1)): -14.468177319122498
Q((5, 9, 1)): [-14.46817732 -15.84993773 -16.06013612]
V((5, 9, 2)): -16.3595767256871
Q((5, 9, 2)): [-16.35957673 -19.38816544 -17.64983147]
V((5, 9, 3)): -16.204129646111877
Q((5, 9, 3)): [-16.20412965 -18.96733691 -17.67787275]
V((5, 10, 0)): -10.482224389190774
Q((5, 10, 0)): [-10.48222439 -14.35046381 -13.44909507]
V((5, 10, 1)): -12.06006355159397
Q((5, 10, 1)): [-12.06006355 -15.22980818 -13.31703548]
V((5, 10, 2)): -14.233701238534376
Q((5, 10, 2)): [-14.23370124 -16.25543194 -14.57096153]
V((5, 10, 3)): -12.443497526184402
Q((5, 10, 3)): [-12.44349753 -17.80808146 -15.66786836]
V((6, 1, 0)): -28.270783286096368
Q((6, 1, 0)): [-28.27078329 -31.39075174 -29.88158198]
V((6, 1, 1)): -27.97004146575506
Q((6, 1, 1)): [-27.97004147 -30.55400772 -29.55869284]
V((6, 1, 2)): -29.97813319089193
Q((6, 1, 2)): [-29.97813319 -31.64195362 -31.12437767]
V((6, 1, 3)): -30.064288263486777
Q((6, 1, 3)): [-30.06428826 -31.34485885 -31.18236538]
V((6, 2, 0)): -25.93041107065178
Q((6, 2, 0)): [-25.93041107 -28.57230562 -27.22185795]
V((6, 2, 1)): -25.985651852308028
Q((6, 2, 1)): [-25.98565185 -28.7230562  -27.26187571]
V((6, 2, 2)): -28.23820433063803
Q((6, 2, 2)): [-28.23820433 -29.42908827 -28.86702523]
V((6, 2, 3)): -28.023185750789864
Q((6, 2, 3)): [-28.02318575 -29.05263687 -28.67250313]
V((6, 3, 0)): -24.538415136357006
Q((6, 3, 0)): [-24.53841514 -27.14151986 -25.45458412]
V((6, 3, 1)): -24.40012015793758
Q((6, 3, 1)): [-24.40012016 -27.78819649 -25.75082096]
V((6, 3, 2)): -26.432170983370604
Q((6, 3, 2)): [-26.43217098 -27.63035836 -27.32335548]
V((6, 3, 3)): -25.80597673454272
Q((6, 3, 3)): [-25.80597673 -27.92450799 -27.0421057 ]
V((6, 4, 0)): -22.139638603587304
Q((6, 4, 0)): [-22.1396386  -25.30741531 -23.92130996]
V((6, 4, 1)): -22.89377523935666
Q((6, 4, 1)): [-22.89377524 -24.9899726  -23.29436457]
V((6, 4, 2)): -24.600998442372102
Q((6, 4, 2)): [-24.60099844 -26.45928799 -25.63596054]
V((6, 4, 3)): -23.99509651478656
Q((6, 4, 3)): [-23.99509651 -26.78122515 -25.04987218]
V((6, 5, 0)): -19.865235335437017
Q((6, 5, 0)): [-19.86523534 -22.37933752 -21.44077883]
V((6, 5, 1)): -20.004763866596278
Q((6, 5, 1)): [-20.00476387 -23.36124281 -21.46195521]
V((6, 5, 2)): -22.149960161190563
Q((6, 5, 2)): [-22.14996016 -23.12709245 -22.72594579]
V((6, 5, 3)): -22.023162506194836
Q((6, 5, 3)): [-22.02316251 -23.87155072 -23.28439459]
V((6, 6, 0)): -17.63304325980003
Q((6, 6, 0)): [-17.63304326 -20.68335588 -19.42829715]
V((6, 6, 1)): -17.688417838415084
Q((6, 6, 1)): [-17.68841784 -21.1304141  -19.90955438]
V((6, 6, 2)): -20.45809291565377
Q((6, 6, 2)): [-20.45809292 -23.06359046 -21.65706712]
V((6, 6, 3)): -20.06722552142671
Q((6, 6, 3)): [-20.06722552 -22.19738116 -21.78521178]
V((6, 7, 0)): -15.882661554791738
Q((6, 7, 0)): [-15.88266155 -17.66378837 -17.67899721]
V((6, 7, 1)): -15.598367220796488
Q((6, 7, 1)): [-15.59836722 -18.23621551 -17.66102358]
V((6, 7, 2)): -18.003320737750922
Q((6, 7, 2)): [-18.00332074 -20.8325145  -19.53399456]
V((6, 7, 3)): -17.495601275598126
Q((6, 7, 3)): [-17.49560128 -20.66598317 -19.15353948]
V((6, 8, 0)): -13.812496308728827
Q((6, 8, 0)): [-13.81249631 -16.61302059 -16.04551129]
V((6, 8, 1)): -13.63139015910046
Q((6, 8, 1)): [-13.63139016 -16.87603567 -15.3475001 ]
V((6, 8, 2)): -16.50203345241816
Q((6, 8, 2)): [-16.50203345 -18.51338278 -17.71246288]
V((6, 8, 3)): -15.378165411045913
Q((6, 8, 3)): [-15.37816541 -18.51631456 -17.78910391]
V((6, 9, 0)): -12.065315303311449
Q((6, 9, 0)): [-12.0653153  -15.57180423 -13.64441951]
V((6, 9, 1)): -11.956167600871122
Q((6, 9, 1)): [-11.9561676  -13.75567809 -13.93337999]
V((6, 9, 2)): -13.965429827740284
Q((6, 9, 2)): [-13.96542983 -16.62439805 -15.79148337]
V((6, 9, 3)): -13.973827360129983
Q((6, 9, 3)): [-13.97382736 -16.23748555 -15.86647306]
V((6, 10, 0)): -8.502340091939882
Q((6, 10, 0)): [ -8.50234009 -12.60032648 -12.09396329]
V((6, 10, 1)): -9.821974801171152
Q((6, 10, 1)): [ -9.8219748  -13.58064373 -12.52387438]
V((6, 10, 2)): -12.0859145576107
Q((6, 10, 2)): [-12.08591456 -13.42475531 -13.35247242]
V((6, 10, 3)): -11.101866202784466
Q((6, 10, 3)): [-11.1018662  -15.70881413 -13.7910354 ]
V((7, 1, 0)): -25.976230881699085
Q((7, 1, 0)): [-25.97623088 -28.9439492  -27.62329027]
V((7, 1, 1)): -26.14900253247706
Q((7, 1, 1)): [-26.14900253 -29.23171568 -27.81636302]
V((7, 1, 2)): -27.64131133664712
Q((7, 1, 2)): [-27.64131134 -29.10088845 -29.37742725]
V((7, 1, 3)): -28.07370416911609
Q((7, 1, 3)): [-28.07370417 -29.05973912 -28.97291383]
V((7, 2, 0)): -23.9877071035832
Q((7, 2, 0)): [-23.9877071  -26.28100583 -25.65536629]
V((7, 2, 1)): -23.689791217341675
Q((7, 2, 1)): [-23.68979122 -26.93797651 -25.79773418]
V((7, 2, 2)): -25.87498889558826
Q((7, 2, 2)): [-25.8749889  -27.95724615 -27.62940252]
V((7, 2, 3)): -26.355453646457697
Q((7, 2, 3)): [-26.35545365 -27.96137916 -26.99611516]
V((7, 3, 0)): -21.986013446255978
Q((7, 3, 0)): [-21.98601345 -24.8811616  -23.38160858]
V((7, 3, 1)): -21.74723270416566
Q((7, 3, 1)): [-21.7472327  -25.11820124 -23.70469524]
V((7, 3, 2)): -24.32709280067465
Q((7, 3, 2)): [-24.3270928  -26.22047011 -25.30419358]
V((7, 3, 3)): -24.066215816723105
Q((7, 3, 3)): [-24.06621582 -26.72078613 -26.01274259]
V((7, 4, 0)): -20.062923677902322
Q((7, 4, 0)): [-20.06292368 -22.42482687 -21.24474442]
V((7, 4, 1)): -19.832886659064393
Q((7, 4, 1)): [-19.83288666 -22.27812924 -21.53066187]
V((7, 4, 2)): -21.546697344338273
Q((7, 4, 2)): [-21.54669734 -24.31785424 -22.98014774]
V((7, 4, 3)): -21.97559020688039
Q((7, 4, 3)): [-21.97559021 -24.79766516 -23.39019341]
V((7, 5, 0)): -18.072978895031227
Q((7, 5, 0)): [-18.0729789  -20.41576761 -20.02952533]
V((7, 5, 1)): -18.143130167817866
Q((7, 5, 1)): [-18.14313017 -21.48803242 -19.59772651]
V((7, 5, 2)): -20.25702049639398
Q((7, 5, 2)): [-20.2570205  -22.82406301 -21.71198539]
V((7, 5, 3)): -19.719407775383402
Q((7, 5, 3)): [-19.71940778 -21.79850649 -21.75853267]
V((7, 6, 0)): -15.610767532119521
Q((7, 6, 0)): [-15.61076753 -19.49913721 -17.72606657]
V((7, 6, 1)): -15.548612034791946
Q((7, 6, 1)): [-15.54861203 -18.68426087 -17.92314077]
V((7, 6, 2)): -17.4897451232308
Q((7, 6, 2)): [-17.48974512 -21.23394773 -19.76306508]
V((7, 6, 3)): -18.11564907697079
Q((7, 6, 3)): [-18.11564908 -21.37016772 -19.92786631]
V((7, 7, 0)): -14.004763822483168
Q((7, 7, 0)): [-14.00476382 -17.2671221  -15.12019461]
V((7, 7, 1)): -13.588577009572667
Q((7, 7, 1)): [-13.58857701 -16.3318856  -15.8515328 ]
V((7, 7, 2)): -16.035447349590566
Q((7, 7, 2)): [-16.03544735 -18.44481188 -17.98790755]
V((7, 7, 3)): -16.577483603699083
Q((7, 7, 3)): [-16.5774836  -19.18346945 -17.69353325]
V((7, 8, 0)): -12.17930496220258
Q((7, 8, 0)): [-12.17930496 -15.00933534 -13.87622376]
V((7, 8, 1)): -11.793643426955926
Q((7, 8, 1)): [-11.79364343 -14.88013069 -13.44638047]
V((7, 8, 2)): -14.352407704995267
Q((7, 8, 2)): [-14.3524077  -16.8947855  -15.48657242]
V((7, 8, 3)): -13.790958336984552
Q((7, 8, 3)): [-13.79095834 -17.48390218 -15.89992845]
V((7, 9, 0)): -9.97656098517888
Q((7, 9, 0)): [ -9.97656099 -13.06826454 -11.66827108]
V((7, 9, 1)): -9.964142958682665
Q((7, 9, 1)): [ -9.96414296 -11.62912125 -11.29448283]
V((7, 9, 2)): -12.226223649642087
Q((7, 9, 2)): [-12.22622365 -15.05831259 -13.87340667]
V((7, 9, 3)): -13.104253351463933
Q((7, 9, 3)): [-13.10425335 -14.74566491 -13.83858568]
V((7, 10, 0)): -6.02048433095174
Q((7, 10, 0)): [ -6.02048433 -10.4973077   -9.81672492]
V((7, 10, 1)): -8.00304843713739
Q((7, 10, 1)): [ -8.00304844 -11.16832027  -9.72564569]
V((7, 10, 2)): -10.22296373357733
Q((7, 10, 2)): [-10.22296373 -11.33852193 -11.80138807]
V((7, 10, 3)): -8.67072116697766
Q((7, 10, 3)): [ -8.67072117 -13.97909285 -11.66951962]
V((8, 1, 0)): -23.8876476163976
Q((8, 1, 0)): [-23.88764762 -26.09973327 -25.65734236]
V((8, 1, 1)): -23.87418998381176
Q((8, 1, 1)): [-23.87418998 -27.42677873 -26.38627652]
V((8, 1, 2)): -25.540393906580757
Q((8, 1, 2)): [-25.54039391 -28.07233388 -27.11132006]
V((8, 1, 3)): -26.5190874202909
Q((8, 1, 3)): [-26.52334228 -26.52601926 -26.51908742]
V((8, 2, 0)): -22.269057967428008
Q((8, 2, 0)): [-22.26905797 -24.49537481 -24.27981475]
V((8, 2, 1)): -21.79858263807169
Q((8, 2, 1)): [-21.79858264 -25.51314879 -24.47709967]
V((8, 2, 2)): -23.777117697369192
Q((8, 2, 2)): [-23.7771177  -26.47797875 -25.39450605]
V((8, 2, 3)): -24.247563927405725
Q((8, 2, 3)): [-24.24756393 -25.59756553 -25.3061242 ]
V((8, 3, 0)): -19.93948165083199
Q((8, 3, 0)): [-19.93948165 -22.99854901 -21.69251124]
V((8, 3, 1)): -19.434239931156334
Q((8, 3, 1)): [-19.43423993 -23.85081085 -21.67216844]
V((8, 3, 2)): -22.65779176132999
Q((8, 3, 2)): [-22.65779176 -24.87257731 -23.691899  ]
V((8, 3, 3)): -22.387519649825887
Q((8, 3, 3)): [-22.38751965 -24.73527233 -23.70824777]
V((8, 4, 0)): -18.502723210576374
Q((8, 4, 0)): [-18.50272321 -19.75760967 -19.50972018]
V((8, 4, 1)): -17.76840311737257
Q((8, 4, 1)): [-17.76840312 -21.29837208 -19.75449567]
V((8, 4, 2)): -20.226206863706988
Q((8, 4, 2)): [-20.22620686 -22.03391444 -21.58083362]
V((8, 4, 3)): -20.194808216345773
Q((8, 4, 3)): [-20.19480822 -22.68094168 -21.42089445]
V((8, 5, 0)): -16.377616913203973
Q((8, 5, 0)): [-16.37761691 -18.54034881 -17.88008644]
V((8, 5, 1)): -15.60773368831085
Q((8, 5, 1)): [-15.60773369 -19.87460562 -17.51508336]
V((8, 5, 2)): -18.39423173616834
Q((8, 5, 2)): [-18.39423174 -21.29301085 -19.90498081]
V((8, 5, 3)): -17.999542341421723
Q((8, 5, 3)): [-17.99954234 -21.44831249 -19.56519843]
V((8, 6, 0)): -13.76794757479642
Q((8, 6, 0)): [-13.76794757 -16.42481952 -15.76250233]
V((8, 6, 1)): -13.913224121100441
Q((8, 6, 1)): [-13.91322412 -16.95189905 -15.80938083]
V((8, 6, 2)): -15.586859258010723
Q((8, 6, 2)): [-15.58685926 -19.71909145 -17.71925438]
V((8, 6, 3)): -15.963803513825152
Q((8, 6, 3)): [-15.96380351 -18.90582925 -18.43432492]
V((8, 7, 0)): -12.164529564910051
Q((8, 7, 0)): [-12.16452956 -15.44620924 -14.12989663]
V((8, 7, 1)): -11.755532578590651
Q((8, 7, 1)): [-11.75553258 -15.31359731 -14.33385027]
V((8, 7, 2)): -14.09015450061453
Q((8, 7, 2)): [-14.0901545  -17.74137949 -15.27985709]
V((8, 7, 3)): -14.302682481975785
Q((8, 7, 3)): [-14.30268248 -17.22820665 -15.59362354]
V((8, 8, 0)): -10.078671610486758
Q((8, 8, 0)): [-10.07867161 -13.57596299 -11.729891  ]
V((8, 8, 1)): -10.145211566437792
Q((8, 8, 1)): [-10.14521157 -13.63279121 -11.81777762]
V((8, 8, 2)): -12.202293070386785
Q((8, 8, 2)): [-12.20229307 -13.85419534 -13.84346381]
V((8, 8, 3)): -11.737638301667609
Q((8, 8, 3)): [-11.7376383  -14.76137434 -14.00553466]
V((8, 9, 0)): -7.687834154912272
Q((8, 9, 0)): [ -7.68783415 -11.03797946  -9.55989449]
V((8, 9, 1)): -7.517472554209444
Q((8, 9, 1)): [ -7.51747255 -10.64274596 -10.41509723]
V((8, 9, 2)): -10.392768000024178
Q((8, 9, 2)): [-10.392768   -13.47363449 -12.14802054]
V((8, 9, 3)): -10.3783179312283
Q((8, 9, 3)): [-10.37831793 -12.22066929 -12.08706962]
V((8, 10, 0)): -3.9178372313221486
Q((8, 10, 0)): [-3.91783723 -8.43177942 -7.94615454]
V((8, 10, 1)): -5.686478148475447
Q((8, 10, 1)): [-5.68647815 -9.08440869 -7.7899821 ]
V((8, 10, 2)): -8.109167098559858
Q((8, 10, 2)): [-8.1091671  -8.42770495 -9.17076546]
V((8, 10, 3)): -6.861176085099004
Q((8, 10, 3)): [ -6.86117609 -11.7550351   -9.86198915]
V((9, 1, 0)): -21.910538896418952
Q((9, 1, 0)): [-21.9105389  -24.71105076 -23.86528081]
V((9, 1, 1)): -21.719618821969107
Q((9, 1, 1)): [-21.71961882 -24.95352379 -23.77531849]
V((9, 1, 2)): -23.808189535652303
Q((9, 1, 2)): [-23.80818954 -26.00863362 -25.51774551]
V((9, 1, 3)): -24.74028742099547
Q((9, 1, 3)): [-24.74028742 -24.93368489 -24.85812745]
V((9, 2, 0)): -20.41698445893933
Q((9, 2, 0)): [-20.41698446 -22.64212877 -21.52036715]
V((9, 2, 1)): -19.96187338280043
Q((9, 2, 1)): [-19.96187338 -23.04951818 -22.0124885 ]
V((9, 2, 2)): -22.452386570856003
Q((9, 2, 2)): [-22.45238657 -23.96925647 -23.23706588]
V((9, 2, 3)): -22.663506884477385
Q((9, 2, 3)): [-22.66350688 -24.67614581 -22.8799029 ]
V((9, 3, 0)): -18.104949288822937
Q((9, 3, 0)): [-18.10494929 -20.98973688 -19.7793069 ]
V((9, 3, 1)): -17.800786436256743
Q((9, 3, 1)): [-17.80078644 -20.67837824 -19.89277208]
V((9, 3, 2)): -20.10807872574773
Q((9, 3, 2)): [-20.10807873 -23.00303047 -21.02068085]
V((9, 3, 3)): -20.218799006598793
Q((9, 3, 3)): [-20.21879901 -21.76548511 -20.900711  ]
V((9, 4, 0)): -16.435065960372917
Q((9, 4, 0)): [-16.43506596 -18.62516193 -17.72153008]
V((9, 4, 1)): -16.118302561756014
Q((9, 4, 1)): [-16.11830256 -19.50172605 -18.05841247]
V((9, 4, 2)): -18.16702870342248
Q((9, 4, 2)): [-18.1670287  -21.32833206 -19.7906017 ]
V((9, 4, 3)): -17.99459158833106
Q((9, 4, 3)): [-17.99459159 -20.39705438 -19.58262839]
V((9, 5, 0)): -14.693537704476343
Q((9, 5, 0)): [-14.6935377  -15.63688036 -15.70489557]
V((9, 5, 1)): -14.220947997472178
Q((9, 5, 1)): [-14.220948   -17.17432364 -16.17916905]
V((9, 5, 2)): -16.209001471608715
Q((9, 5, 2)): [-16.20900147 -18.38014532 -18.06645375]
V((9, 5, 3)): -16.178117369929605
Q((9, 5, 3)): [-16.17811737 -19.25355011 -17.98596386]
V((9, 6, 0)): -12.14704452260996
Q((9, 6, 0)): [-12.14704452 -14.89900363 -13.55122697]
V((9, 6, 1)): -11.751606819710053
Q((9, 6, 1)): [-11.75160682 -15.43795437 -13.74800991]
V((9, 6, 2)): -14.361447819355588
Q((9, 6, 2)): [-14.36144782 -17.45409725 -16.24578943]
V((9, 6, 3)): -14.501614014799907
Q((9, 6, 3)): [-14.50161401 -17.2862175  -15.3986146 ]
V((9, 7, 0)): -10.256860906875419
Q((9, 7, 0)): [-10.25686091 -11.82013288 -12.24035384]
V((9, 7, 1)): -10.168451691722389
Q((9, 7, 1)): [-10.16845169 -13.36567146 -11.54616195]
V((9, 7, 2)): -12.421251095518915
Q((9, 7, 2)): [-12.4212511  -14.16427763 -13.50556058]
V((9, 7, 3)): -12.525149420122858
Q((9, 7, 3)): [-12.52514942 -13.97696842 -12.80851314]
V((9, 8, 0)): -8.130366214288564
Q((9, 8, 0)): [ -8.13036621 -10.71027143 -10.31265894]
V((9, 8, 1)): -8.295909564094059
Q((9, 8, 1)): [ -8.29590956 -11.01109195  -9.84532922]
V((9, 8, 2)): -10.30261105376681
Q((9, 8, 2)): [-10.30261105 -13.65343561 -11.64371948]
V((9, 8, 3)): -10.07592232209437
Q((9, 8, 3)): [-10.07592232 -13.31488987 -11.22247215]
V((9, 9, 0)): -5.772293972857772
Q((9, 9, 0)): [-5.77229397 -9.58205969 -8.19126425]
V((9, 9, 1)): -5.976197746769951
Q((9, 9, 1)): [-5.97619775 -9.63710283 -8.31962272]
V((9, 9, 2)): -8.4917347251209
Q((9, 9, 2)): [ -8.49173473 -12.1637905   -9.70899722]
V((9, 9, 3)): -8.330822662465044
Q((9, 9, 3)): [ -8.33082266 -10.98167377  -9.78555275]
V((9, 10, 0)): -1.9340010355713966
Q((9, 10, 0)): [-1.93400104 -6.70531478 -6.03413662]
V((9, 10, 1)): -4.3828085537573624
Q((9, 10, 1)): [-4.38280855 -7.31606466 -6.20520814]
V((9, 10, 2)): -5.858210742371055
Q((9, 10, 2)): [-5.85821074 -7.56989686 -6.10359426]
V((9, 10, 3)): -4.389510012882029
Q((9, 10, 3)): [-4.38951001 -9.92041696 -7.78556717]
V((10, 1, 0)): -20.19120290150538
Q((10, 1, 0)): [-20.1912029  -22.55477498 -23.16881685]
V((10, 1, 1)): -18.1567843664374
Q((10, 1, 1)): [-18.15678437 -22.66348783 -22.05816534]
V((10, 1, 2)): -20.82873983247272
Q((10, 1, 2)): [-20.82873983 -25.35103859 -23.2725573 ]
V((10, 1, 3)): -22.007210961043494
Q((10, 1, 3)): [-22.00721096 -22.65925421 -22.65821638]
V((10, 2, 0)): -18.430621530104972
Q((10, 2, 0)): [-18.43062153 -20.40166994 -21.4196312 ]
V((10, 2, 1)): -16.03145502198525
Q((10, 2, 1)): [-16.03145502 -20.44767351 -20.35674221]
V((10, 2, 2)): -18.881573276368137
Q((10, 2, 2)): [-18.88157328 -22.35694937 -22.040241  ]
V((10, 2, 3)): -20.37552987975114
Q((10, 2, 3)): [-20.37552988 -21.22702472 -21.79211898]
V((10, 3, 0)): -16.1595439816717
Q((10, 3, 0)): [-16.15954398 -18.05402892 -19.39261207]
V((10, 3, 1)): -13.9101291506275
Q((10, 3, 1)): [-13.91012915 -18.28559232 -18.2164246 ]
V((10, 3, 2)): -17.39243598015971
Q((10, 3, 2)): [-17.39243598 -21.46594658 -20.06750365]
V((10, 3, 3)): -18.451684495700214
Q((10, 3, 3)): [-18.4516845  -20.05752597 -18.6313388 ]
V((10, 4, 0)): -14.34676720274327
Q((10, 4, 0)): [-14.3467672  -15.79338278 -17.14923304]
V((10, 4, 1)): -11.99320431105989
Q((10, 4, 1)): [-11.99320431 -16.17207056 -16.16357067]
V((10, 4, 2)): -15.145194901117568
Q((10, 4, 2)): [-15.1451949  -19.61521558 -17.90534046]
V((10, 4, 3)): -16.067563771495678
Q((10, 4, 3)): [-16.06756377 -16.49602734 -16.82310465]
V((10, 5, 0)): -11.910818985149
Q((10, 5, 0)): [-11.91081899 -13.72583905 -15.14226533]
V((10, 5, 1)): -10.356800097552414
Q((10, 5, 1)): [-10.3568001  -13.94243797 -13.51466278]
V((10, 5, 2)): -12.780787568444538
Q((10, 5, 2)): [-12.78078757 -17.6372181  -15.69908807]
V((10, 5, 3)): -13.907395992648041
Q((10, 5, 3)): [-13.90739599 -14.3208119  -15.42742946]
V((10, 6, 0)): -10.561568993559321
Q((10, 6, 0)): [-10.56156899 -11.8391584  -12.52007529]
V((10, 6, 1)): -8.026852897318655
Q((10, 6, 1)): [ -8.0268529  -12.37265151 -12.06250235]
V((10, 6, 2)): -10.675016723583436
Q((10, 6, 2)): [-10.67501672 -15.90343269 -13.68266963]
V((10, 6, 3)): -11.898117657922166
Q((10, 6, 3)): [-11.89811766 -12.01185944 -13.42271623]
V((10, 7, 0)): -7.948245790741913
Q((10, 7, 0)): [ -7.94824579  -9.73831251 -10.00166376]
V((10, 7, 1)): -5.884896506337582
Q((10, 7, 1)): [ -5.88489651 -10.51034677  -9.80412659]
V((10, 7, 2)): -8.696135869112657
Q((10, 7, 2)): [ -8.69613587 -13.6166449  -11.87778414]
V((10, 7, 3)): -10.051657728514664
Q((10, 7, 3)): [-10.05165773 -12.42275762 -11.52642669]
V((10, 8, 0)): -6.682083570276823
Q((10, 8, 0)): [-6.68208357 -8.07534215 -9.01231336]
V((10, 8, 1)): -3.8785268878968635
Q((10, 8, 1)): [-3.87852689 -8.2037137  -8.02773299]
V((10, 8, 2)): -6.833512389710143
Q((10, 8, 2)): [ -6.83351239 -11.59991879  -9.45883282]
V((10, 8, 3)): -7.875897843480265
Q((10, 8, 3)): [-7.87589784 -8.86672967 -8.73997188]
V((10, 9, 0)): -3.781048160137354
Q((10, 9, 0)): [-3.78104816 -6.00006806 -6.13170286]
V((10, 9, 1)): -1.929529551454586
Q((10, 9, 1)): [-1.92952955 -6.47519344 -5.95024026]
V((10, 9, 2)): -4.692029466894518
Q((10, 9, 2)): [ -4.69202947 -10.08129817  -6.98850739]
V((10, 9, 3)): -5.839229006772002
Q((10, 9, 3)): [-5.83922901 -7.78316067 -6.93320583]
V((10, 10, 0)): 0.0
Q((10, 10, 0)): [0. 0. 0.]
V((10, 10, 1)): 0.0
Q((10, 10, 1)): [0. 0. 0.]
V((10, 10, 2)): 0.0
Q((10, 10, 2)): [0. 0. 0.]
V((10, 10, 3)): 0.0
Q((10, 10, 3)): [0. 0. 0.]
