V((1, 1, 0)): -31.999999999999847
Q((1, 1, 0)): [-34. -32. -32.]
V((1, 1, 1)): -30.999999999999854
Q((1, 1, 1)): [-33. -33. -31.]
V((1, 1, 2)): -31.999999999999847
Q((1, 1, 2)): [-32.         -33.99994008 -32.99978995]
V((1, 1, 3)): -32.99999999999962
Q((1, 1, 3)): [-33.         -33.         -33.99798326]
V((1, 2, 0)): -28.99999999999987
Q((1, 2, 0)): [-31.         -30.99999998 -29.        ]
V((1, 2, 1)): -29.99999999999986
Q((1, 2, 1)): [-30. -32. -30.]
V((1, 2, 2)): -30.999999999998842
Q((1, 2, 2)): [-31.         -31.         -31.99911735]
V((1, 2, 3)): -29.99999999999986
Q((1, 2, 3)): [-31.91632315 -30.         -33.7888109 ]
V((1, 3, 0)): -27.999999999999876
Q((1, 3, 0)): [-29.99999971 -29.99945972 -28.        ]
V((1, 3, 1)): -28.99999999999987
Q((1, 3, 1)): [-29. -31. -29.]
V((1, 3, 2)): -29.999999999479893
Q((1, 3, 2)): [-30.         -30.         -30.99496974]
V((1, 3, 3)): -28.999999999999666
Q((1, 3, 3)): [-30.91806574 -29.         -30.99976868]
V((1, 4, 0)): -26.999999999999883
Q((1, 4, 0)): [-28.99999945 -28.99682868 -27.        ]
V((1, 4, 1)): -27.999999999999876
Q((1, 4, 1)): [-28. -30. -28.]
V((1, 4, 2)): -28.99999999981448
Q((1, 4, 2)): [-29.         -29.         -29.99786941]
V((1, 4, 3)): -27.999999999999876
Q((1, 4, 3)): [-29.94901854 -28.         -29.99910295]
V((1, 5, 0)): -27.999999999998828
Q((1, 5, 0)): [-29.99359312 -28.         -28.98999988]
V((1, 5, 1)): -26.999999999999883
Q((1, 5, 1)): [-29. -29. -27.]
V((1, 5, 2)): -27.999999999988923
Q((1, 5, 2)): [-28.         -29.99829187 -28.99912959]
V((1, 5, 3)): -28.99973712299335
Q((1, 5, 3)): [-28.99976132 -28.99973712 -28.99979313]
V((1, 6, 0)): -24.999999999999897
Q((1, 6, 0)): [-27. -27. -25.]
V((1, 6, 1)): -25.99999999999989
Q((1, 6, 1)): [-26. -28. -26.]
V((1, 6, 2)): -26.99999999892273
Q((1, 6, 2)): [-27.         -27.         -27.99436654]
V((1, 6, 3)): -25.9999999999987
Q((1, 6, 3)): [-27.99243033 -26.         -29.99618668]
V((1, 7, 0)): -23.999999999999904
Q((1, 7, 0)): [-25.99999864 -25.99999974 -24.        ]
V((1, 7, 1)): -24.999999999999897
Q((1, 7, 1)): [-25.         -26.99989873 -25.99999995]
V((1, 7, 2)): -25.999956287477705
Q((1, 7, 2)): [-25.99996333 -25.99995629 -26.8265226 ]
V((1, 7, 3)): -24.99999998614567
Q((1, 7, 3)): [-26.91663284 -24.99999999 -26.98286094]
V((1, 9, 0)): -20.682629832495795
Q((1, 9, 0)): [-20.68262983 -20.83040734 -20.76363331]
V((1, 9, 1)): -20.497771682088356
Q((1, 9, 1)): [-20.69657512 -20.90680289 -20.49777168]
V((1, 9, 2)): -21.12844832665657
Q((1, 9, 2)): [-21.12844833 -21.31469964 -21.30583038]
V((1, 9, 3)): -21.025160604331663
Q((1, 9, 3)): [-21.0251606  -21.14655089 -21.13051202]
V((1, 10, 0)): -19.50854854811693
Q((1, 10, 0)): [-19.62577675 -19.50854855 -19.55903194]
V((1, 10, 1)): -19.753587186675862
Q((1, 10, 1)): [-19.80977023 -19.85997109 -19.75358719]
V((1, 10, 2)): -20.024087919778374
Q((1, 10, 2)): [-20.02408792 -20.07023686 -20.11468726]
V((1, 10, 3)): -19.75743783713054
Q((1, 10, 3)): [-19.97570816 -19.75743784 -20.04381262]
V((1, 11, 0)): -18.72104936452934
Q((1, 11, 0)): [-18.73464853 -19.15936819 -18.72104936]
V((1, 11, 1)): -18.886537836117846
Q((1, 11, 1)): [-19.07158818 -19.59983538 -18.88653784]
V((1, 11, 2)): -19.249860785657322
Q((1, 11, 2)): [-19.38238885 -19.24986079 -19.40732913]
V((1, 11, 3)): -18.846653477995016
Q((1, 11, 3)): [-18.91712937 -19.26006425 -18.84665348]
V((1, 12, 0)): -17.614482433635985
Q((1, 12, 0)): [-18.31637309 -18.14427892 -17.61448243]
V((1, 12, 1)): -17.949243881720115
Q((1, 12, 1)): [-18.222535   -18.73289248 -17.94924388]
V((1, 12, 2)): -18.42848413780515
Q((1, 12, 2)): [-18.49431862 -18.49791481 -18.42848414]
V((1, 12, 3)): -18.08821717551296
Q((1, 12, 3)): [-18.20763255 -18.08821718 -18.79252037]
V((1, 13, 0)): -16.68911770105211
Q((1, 13, 0)): [-16.96418233 -17.2590668  -16.6891177 ]
V((1, 13, 1)): -16.98451119682018
Q((1, 13, 1)): [-17.31382404 -17.90173829 -16.9845112 ]
V((1, 13, 2)): -17.446713866511487
Q((1, 13, 2)): [-17.53638808 -17.44671387 -17.56577956]
V((1, 13, 3)): -17.065934677984828
Q((1, 13, 3)): [-17.37723686 -17.06593468 -17.52685123]
V((1, 14, 0)): -15.791839890666747
Q((1, 14, 0)): [-16.10911252 -16.52274204 -15.79183989]
V((1, 14, 1)): -15.997347666086434
Q((1, 14, 1)): [-16.40197985 -17.65272861 -15.99734767]
V((1, 14, 2)): -16.91936980201426
Q((1, 14, 2)): [-16.9193698  -17.04664932 -17.31942957]
V((1, 14, 3)): -16.405511473782838
Q((1, 14, 3)): [-16.62237031 -16.40551147 -16.70321708]
V((1, 15, 0)): -13.999983290474924
Q((1, 15, 0)): [-15.78151975 -15.73185704 -13.99998329]
V((1, 15, 1)): -14.999772457032117
Q((1, 15, 1)): [-14.99977246 -16.78431825 -15.97151614]
V((1, 15, 2)): -15.95212607375069
Q((1, 15, 2)): [-15.95494794 -15.95212607 -16.60378814]
V((1, 15, 3)): -14.989383249059497
Q((1, 15, 3)): [-16.56193402 -14.98938325 -15.40552258]
V((2, 1, 0)): -30.999999999999854
Q((2, 1, 0)): [-32.99999996 -31.         -31.        ]
V((2, 1, 1)): -29.99999999999986
Q((2, 1, 1)): [-31.99967438 -31.99983066 -30.        ]
V((2, 1, 2)): -30.99999999953719
Q((2, 1, 2)): [-31.         -32.98900514 -32.96065193]
V((2, 1, 3)): -31.999999986986445
Q((2, 1, 3)): [-31.99999999 -31.99999999 -32.99796531]
V((2, 2, 0)): -27.999999999999876
Q((2, 2, 0)): [-30. -30. -28.]
V((2, 2, 1)): -28.99999999999987
Q((2, 2, 1)): [-29.         -30.99792599 -29.        ]
V((2, 2, 2)): -29.999472808711836
Q((2, 2, 2)): [-29.99952852 -29.99947281 -31.65950557]
V((2, 2, 3)): -28.999999999999563
Q((2, 2, 3)): [-30.97351024 -29.         -32.99215047]
V((2, 3, 0)): -26.999999999999883
Q((2, 3, 0)): [-29.         -28.99999997 -27.        ]
V((2, 3, 1)): -27.999999999999876
Q((2, 3, 1)): [-28.         -29.99744122 -28.        ]
V((2, 3, 2)): -28.999243928556698
Q((2, 3, 2)): [-28.99924393 -28.99940487 -29.72959893]
V((2, 3, 3)): -27.999999999981245
Q((2, 3, 3)): [-29.93708222 -28.         -29.99621589]
V((2, 4, 0)): -25.99999999999989
Q((2, 4, 0)): [-27.99999938 -28.         -26.        ]
V((2, 4, 1)): -26.999999999999883
Q((2, 4, 1)): [-27.         -28.99695751 -27.99995774]
V((2, 4, 2)): -27.99967864668312
Q((2, 4, 2)): [-27.99967865 -27.99980815 -29.05902423]
V((2, 4, 3)): -26.99999991445898
Q((2, 4, 3)): [-28.99596296 -26.99999991 -28.99195248]
V((2, 6, 0)): -23.999999999999904
Q((2, 6, 0)): [-25.99999827 -24.         -24.        ]
V((2, 6, 1)): -22.99999999999991
Q((2, 6, 1)): [-24.99974978 -24.99629692 -23.        ]
V((2, 6, 2)): -23.999999932224654
Q((2, 6, 2)): [-23.99999993 -25.95017956 -27.95805039]
V((2, 6, 3)): -24.999999150414382
Q((2, 6, 3)): [-24.99999915 -24.99999931 -25.99237414]
V((2, 7, 0)): -22.99999999999991
Q((2, 7, 0)): [-24.99921822 -23.         -23.        ]
V((2, 7, 1)): -21.99999999999992
Q((2, 7, 1)): [-23.99994462 -23.99981905 -22.        ]
V((2, 7, 2)): -22.99999923630964
Q((2, 7, 2)): [-22.99999924 -24.85153419 -26.78149659]
V((2, 7, 3)): -23.999614603904025
Q((2, 7, 3)): [-23.9996146  -23.99970391 -25.6993402 ]
V((2, 8, 0)): -21.984354135051834
Q((2, 8, 0)): [-22.39906879 -21.98454843 -21.98435414]
V((2, 8, 1)): -20.999999999999925
Q((2, 8, 1)): [-22.9714441  -22.99953719 -21.        ]
V((2, 8, 2)): -21.999947492895025
Q((2, 8, 2)): [-21.99994749 -22.81019346 -22.47340843]
V((2, 8, 3)): -22.458309772917758
Q((2, 8, 3)): [-22.45830977 -22.52260412 -22.81505704]
V((2, 9, 0)): -20.97079015444256
Q((2, 9, 0)): [-21.83351176 -20.97125018 -20.97079015]
V((2, 9, 1)): -19.999999999999932
Q((2, 9, 1)): [-21.93630324 -21.99972991 -20.        ]
V((2, 9, 2)): -20.99995701698068
Q((2, 9, 2)): [-20.99995702 -22.26814431 -21.72373315]
V((2, 9, 3)): -21.713085087439605
Q((2, 9, 3)): [-21.77873059 -21.71308509 -22.0713862 ]
V((2, 10, 0)): -18.99823072165734
Q((2, 10, 0)): [-19.86415985 -19.81487351 -18.99823072]
V((2, 10, 1)): -18.99999999999994
Q((2, 10, 1)): [-19.98782466 -20.99436208 -19.        ]
V((2, 10, 2)): -19.999309286440514
Q((2, 10, 2)): [-19.99930929 -20.06064222 -20.22192   ]
V((2, 10, 3)): -19.65452371814757
Q((2, 10, 3)): [-19.67542592 -19.65452372 -21.91419258]
V((2, 11, 0)): -17.9999926056141
Q((2, 11, 0)): [-19.82490852 -18.88486169 -17.99999261]
V((2, 11, 1)): -17.999999999999947
Q((2, 11, 1)): [-18.99991747 -19.99869472 -18.        ]
V((2, 11, 2)): -18.99992127053196
Q((2, 11, 2)): [-18.99992127 -19.57257528 -19.49322745]
V((2, 11, 3)): -18.964100264668943
Q((2, 11, 3)): [-19.24439976 -18.96410026 -19.24338012]
V((2, 12, 0)): -16.99967399483807
Q((2, 12, 0)): [-18.62479708 -17.84232099 -16.99967399]
V((2, 12, 1)): -16.999999999999954
Q((2, 12, 1)): [-17.998323   -18.95752217 -17.        ]
V((2, 12, 2)): -17.992273238119665
Q((2, 12, 2)): [-17.99227324 -18.55376799 -18.30068152]
V((2, 12, 3)): -17.92439128810014
Q((2, 12, 3)): [-18.07741942 -17.92439129 -18.62119079]
V((2, 13, 0)): -15.999277598481736
Q((2, 13, 0)): [-17.26326515 -16.59449567 -15.9992776 ]
V((2, 13, 1)): -15.999999999999961
Q((2, 13, 1)): [-16.99509987 -17.92642134 -16.        ]
V((2, 13, 2)): -16.993401564261543
Q((2, 13, 2)): [-16.99340156 -16.99528984 -17.6163837 ]
V((2, 13, 3)): -16.82115576518209
Q((2, 13, 3)): [-17.30132951 -16.82115577 -17.09445181]
V((2, 14, 0)): -14.999819136941445
Q((2, 14, 0)): [-16.59065504 -15.94703673 -14.99981914]
V((2, 14, 1)): -14.999999999999964
Q((2, 14, 1)): [-15.99771901 -16.98162294 -15.        ]
V((2, 14, 2)): -15.9967832734716
Q((2, 14, 2)): [-15.99678327 -16.61275213 -17.66003457]
V((2, 14, 3)): -15.937755566994818
Q((2, 14, 3)): [-16.74025527 -15.93775557 -16.67890784]
V((2, 15, 0)): -12.999999999999972
Q((2, 15, 0)): [-14.99958034 -14.99993899 -13.        ]
V((2, 15, 1)): -13.999999999999968
Q((2, 15, 1)): [-14.         -15.99212702 -14.99987859]
V((2, 15, 2)): -14.99717966981216
Q((2, 15, 2)): [-14.99717967 -14.99732427 -16.696315  ]
V((2, 15, 3)): -13.999994402030032
Q((2, 15, 3)): [-15.63213144 -13.9999944  -16.63054616]
V((3, 1, 0)): -29.99999999999986
Q((3, 1, 0)): [-31.99999914 -30.         -30.        ]
V((3, 1, 1)): -28.99999999999987
Q((3, 1, 1)): [-30.99973569 -30.99900572 -29.        ]
V((3, 1, 2)): -29.999999998034024
Q((3, 1, 2)): [-30.         -31.9823092  -31.97041131]
V((3, 1, 3)): -30.999999669949396
Q((3, 1, 3)): [-30.99999968 -30.99999967 -31.99905932]
V((3, 2, 0)): -26.999999999999883
Q((3, 2, 0)): [-29. -29. -27.]
V((3, 2, 1)): -27.999999999999876
Q((3, 2, 1)): [-28.         -29.99903499 -28.        ]
V((3, 2, 2)): -28.99972216765179
Q((3, 2, 2)): [-28.99974752 -28.99972217 -30.91679325]
V((3, 2, 3)): -27.999999999999876
Q((3, 2, 3)): [-29.99635096 -28.         -31.98536468]
V((3, 3, 0)): -25.99999999999989
Q((3, 3, 0)): [-28. -28. -26.]
V((3, 3, 1)): -26.999999999999883
Q((3, 3, 1)): [-27.         -28.99979374 -27.        ]
V((3, 3, 2)): -27.999946279338598
Q((3, 3, 2)): [-27.99995649 -27.99994628 -29.7165799 ]
V((3, 3, 3)): -26.999999999983388
Q((3, 3, 3)): [-28.99511231 -27.         -28.99935166]
V((3, 4, 0)): -24.999999999999897
Q((3, 4, 0)): [-27. -27. -25.]
V((3, 4, 1)): -25.99999999999989
Q((3, 4, 1)): [-26.         -27.99858613 -26.99999931]
V((3, 4, 2)): -26.999791219350875
Q((3, 4, 2)): [-26.99979122 -26.99980972 -28.92326328]
V((3, 4, 3)): -25.999999999998668
Q((3, 4, 3)): [-27.99561463 -26.         -27.99931159]
V((3, 6, 0)): -22.99999999999991
Q((3, 6, 0)): [-24.99999626 -23.         -23.        ]
V((3, 6, 1)): -21.99999999999992
Q((3, 6, 1)): [-23.99347272 -23.97036765 -22.        ]
V((3, 6, 2)): -22.999999976850997
Q((3, 6, 2)): [-22.99999998 -24.83110903 -24.60576343]
V((3, 6, 3)): -23.999998303584515
Q((3, 6, 3)): [-23.9999983  -23.99999846 -24.79631585]
V((3, 7, 0)): -21.99999999999992
Q((3, 7, 0)): [-23.99825028 -22.         -22.        ]
V((3, 7, 1)): -20.999999999999925
Q((3, 7, 1)): [-22.99985051 -22.99952852 -21.        ]
V((3, 7, 2)): -21.999997103929253
Q((3, 7, 2)): [-21.9999971  -23.81278248 -23.72979931]
V((3, 7, 3)): -22.99917007260062
Q((3, 7, 3)): [-22.99923887 -22.99917007 -24.80790102]
V((3, 8, 0)): -20.995655583641476
Q((3, 8, 0)): [-22.67041847 -20.99565558 -20.99568563]
V((3, 8, 1)): -19.999999999999932
Q((3, 8, 1)): [-21.99047146 -21.99968819 -20.        ]
V((3, 8, 2)): -20.99998108911241
Q((3, 8, 2)): [-20.99998109 -22.06064615 -22.56159663]
V((3, 8, 3)): -21.81889972080647
Q((3, 8, 3)): [-21.83785571 -21.81889972 -22.7181825 ]
V((3, 9, 0)): -19.994979751501532
Q((3, 9, 0)): [-21.31005375 -19.99609438 -19.99497975]
V((3, 9, 1)): -18.99999999999994
Q((3, 9, 1)): [-20.98720911 -20.99575415 -19.        ]
V((3, 9, 2)): -19.999493748663166
Q((3, 9, 2)): [-19.99949375 -21.36648289 -21.48161919]
V((3, 9, 3)): -20.727304463557942
Q((3, 9, 3)): [-20.76060669 -20.83386251 -20.72730446]
V((3, 10, 0)): -17.999997017585354
Q((3, 10, 0)): [-19.16179893 -18.90289452 -17.99999702]
V((3, 10, 1)): -17.999999999999947
Q((3, 10, 1)): [-18.99952936 -19.9967568  -18.        ]
V((3, 10, 2)): -18.999516865484832
Q((3, 10, 2)): [-18.99951687 -19.34519162 -20.02967435]
V((3, 10, 3)): -18.8473538353636
Q((3, 10, 3)): [-19.25516097 -18.84735384 -20.30733566]
V((3, 11, 0)): -16.999999935067414
Q((3, 11, 0)): [-18.88339067 -17.8995137  -16.99999994]
V((3, 11, 1)): -16.999999999999954
Q((3, 11, 1)): [-17.99941046 -18.98898238 -17.        ]
V((3, 11, 2)): -17.998794322377357
Q((3, 11, 2)): [-17.99879432 -18.50111112 -19.3734226 ]
V((3, 11, 3)): -17.978740992058462
Q((3, 11, 3)): [-18.33169337 -17.97874099 -18.93191299]
V((3, 12, 0)): -15.999998614711005
Q((3, 12, 0)): [-17.38953818 -16.91404684 -15.99999861]
V((3, 12, 1)): -15.999999999999961
Q((3, 12, 1)): [-16.99884832 -17.98373054 -16.        ]
V((3, 12, 2)): -16.997007073162216
Q((3, 12, 2)): [-16.99700707 -17.52458079 -17.89842057]
V((3, 12, 3)): -16.924840375232225
Q((3, 12, 3)): [-17.07980503 -16.92484038 -17.52563747]
V((3, 13, 0)): -14.999997168405217
Q((3, 13, 0)): [-16.82202353 -15.96595033 -14.99999717]
V((3, 13, 1)): -14.999999999999964
Q((3, 13, 1)): [-15.99719602 -16.98206988 -15.        ]
V((3, 13, 2)): -15.996535154772477
Q((3, 13, 2)): [-15.99653515 -16.70486947 -17.3829162 ]
V((3, 13, 3)): -15.985658649124256
Q((3, 13, 3)): [-16.12762921 -15.98565865 -16.79802235]
V((3, 14, 0)): -13.999999690285684
Q((3, 14, 0)): [-15.96314454 -14.97128146 -13.99999969]
V((3, 14, 1)): -13.999999999999968
Q((3, 14, 1)): [-14.99962613 -15.99981266 -14.        ]
V((3, 14, 2)): -14.999996890713101
Q((3, 14, 2)): [-14.99999689 -15.72589859 -16.44434391]
V((3, 14, 3)): -14.997909572492212
Q((3, 14, 3)): [-15.89214985 -14.99790957 -16.26341624]
V((3, 15, 0)): -11.999999999999975
Q((3, 15, 0)): [-14.         -13.99999997 -12.        ]
V((3, 15, 1)): -12.999999999999972
Q((3, 15, 1)): [-13.         -14.99995819 -13.99999974]
V((3, 15, 2)): -13.999986507027568
Q((3, 15, 2)): [-13.99998651 -13.99998668 -15.59409044]
V((3, 15, 3)): -12.999999999913815
Q((3, 15, 3)): [-14.97805716 -13.         -15.93771124]
V((4, 1, 0)): -28.99999999999987
Q((4, 1, 0)): [-30.99999977 -29.         -29.        ]
V((4, 1, 1)): -27.999999999999876
Q((4, 1, 1)): [-29.99841089 -29.99839573 -28.        ]
V((4, 1, 2)): -28.99999999872262
Q((4, 1, 2)): [-29.         -30.97574789 -30.96521212]
V((4, 1, 3)): -29.999999906576402
Q((4, 1, 3)): [-29.99999991 -29.99999991 -30.99818816]
V((4, 2, 0)): -25.99999999999989
Q((4, 2, 0)): [-28. -28. -26.]
V((4, 2, 1)): -26.999999999999883
Q((4, 2, 1)): [-27.         -28.99991491 -27.        ]
V((4, 2, 2)): -27.99997689547667
Q((4, 2, 2)): [-27.99997948 -27.9999769  -29.91536757]
V((4, 2, 3)): -26.999999999999883
Q((4, 2, 3)): [-28.9964482  -27.         -30.99638818]
V((4, 3, 0)): -24.999999999999897
Q((4, 3, 0)): [-27. -27. -25.]
V((4, 3, 1)): -25.99999999999989
Q((4, 3, 1)): [-26.         -27.99976941 -26.        ]
V((4, 3, 2)): -26.999969254733198
Q((4, 3, 2)): [-26.99996925 -26.99997554 -28.93647762]
V((4, 3, 3)): -25.99999999999987
Q((4, 3, 3)): [-27.99616896 -26.         -27.99989459]
V((4, 4, 0)): -23.999999999999904
Q((4, 4, 0)): [-26. -26. -24.]
V((4, 4, 1)): -24.999999999999897
Q((4, 4, 1)): [-25.         -26.99999562 -25.99999993]
V((4, 4, 2)): -25.999999544675017
Q((4, 4, 2)): [-25.99999962 -25.99999954 -27.96829531]
V((4, 4, 3)): -24.999999999999822
Q((4, 4, 3)): [-26.99993819 -25.         -26.99997864]
V((4, 6, 0)): -21.99999999999992
Q((4, 6, 0)): [-23.99998688 -22.         -22.        ]
V((4, 6, 1)): -20.999999999999925
Q((4, 6, 1)): [-22.99345909 -22.98341553 -21.        ]
V((4, 6, 2)): -21.999999858738516
Q((4, 6, 2)): [-21.99999986 -23.75337631 -23.84060879]
V((4, 6, 3)): -22.999993832350633
Q((4, 6, 3)): [-22.99999494 -22.99999383 -23.92575332]
V((4, 7, 0)): -20.999999999999925
Q((4, 7, 0)): [-22.99401181 -21.         -21.        ]
V((4, 7, 1)): -19.999999999999932
Q((4, 7, 1)): [-21.99852867 -21.99334992 -20.        ]
V((4, 7, 2)): -20.999976932183042
Q((4, 7, 2)): [-20.99997693 -22.3080989  -22.57210713]
V((4, 7, 3)): -21.997385302732177
Q((4, 7, 3)): [-21.9973853  -21.9978966  -23.30853795]
V((4, 8, 0)): -19.99862632006727
Q((4, 8, 0)): [-21.46950519 -19.9986508  -19.99862632]
V((4, 8, 1)): -18.99999999999994
Q((4, 8, 1)): [-20.99547448 -20.99769353 -19.        ]
V((4, 8, 2)): -19.99973896154208
Q((4, 8, 2)): [-19.99973896 -21.49674871 -21.44038795]
V((4, 8, 3)): -20.785325299448967
Q((4, 8, 3)): [-20.8232644  -20.7853253  -22.40039914]
V((4, 9, 0)): -18.99833567016576
Q((4, 9, 0)): [-20.39155305 -18.99849708 -18.99833567]
V((4, 9, 1)): -17.999999999999947
Q((4, 9, 1)): [-19.99573577 -19.99780818 -18.        ]
V((4, 9, 2)): -18.999738945308422
Q((4, 9, 2)): [-18.99973895 -20.47749992 -20.27922996]
V((4, 9, 3)): -19.82902439918554
Q((4, 9, 3)): [-19.86061169 -19.8290244  -21.16651388]
V((4, 10, 0)): -16.9999999853197
Q((4, 10, 0)): [-18.86606119 -17.98760796 -16.99999999]
V((4, 10, 1)): -16.999999999999954
Q((4, 10, 1)): [-17.99991595 -18.99974975 -17.        ]
V((4, 10, 2)): -17.999981169141535
Q((4, 10, 2)): [-17.99998117 -18.43462738 -19.48925416]
V((4, 10, 3)): -17.97125750534888
Q((4, 10, 3)): [-18.62421255 -17.97125751 -20.09913498]
V((4, 11, 0)): -15.999999999554378
Q((4, 11, 0)): [-17.97455182 -16.9901933  -16.        ]
V((4, 11, 1)): -15.999999999999961
Q((4, 11, 1)): [-16.99990975 -17.99936655 -16.        ]
V((4, 11, 2)): -16.999926074200282
Q((4, 11, 2)): [-16.99992607 -17.82402669 -18.6145822 ]
V((4, 11, 3)): -16.99506734129079
Q((4, 11, 3)): [-17.58666962 -16.99506734 -18.62988646]
V((4, 12, 0)): -14.999999989936292
Q((4, 12, 0)): [-16.84491883 -15.9811739  -14.99999999]
V((4, 12, 1)): -14.999999999999964
Q((4, 12, 1)): [-15.99961525 -16.98787419 -15.        ]
V((4, 12, 2)): -15.997686298827203
Q((4, 12, 2)): [-15.9976863  -16.52989173 -17.35827681]
V((4, 12, 3)): -15.966567259852956
Q((4, 12, 3)): [-16.56859429 -15.96656726 -17.55850676]
V((4, 13, 0)): -13.99999999646114
Q((4, 13, 0)): [-15.95218442 -14.98911447 -14.        ]
V((4, 13, 1)): -13.999999999999968
Q((4, 13, 1)): [-14.99978467 -15.98915008 -14.        ]
V((4, 13, 2)): -14.99831320090927
Q((4, 13, 2)): [-14.9983132  -15.87063972 -16.5784573 ]
V((4, 13, 3)): -14.996841113376025
Q((4, 13, 3)): [-15.61187573 -14.99684111 -16.71516594]
V((4, 14, 0)): -12.999999993365174
Q((4, 14, 0)): [-14.99405802 -13.99962225 -12.99999999]
V((4, 14, 1)): -12.999999999999972
Q((4, 14, 1)): [-13.99957129 -14.99918165 -13.        ]
V((4, 14, 2)): -13.99997110712633
Q((4, 14, 2)): [-13.99997111 -14.74375714 -15.91347651]
V((4, 14, 3)): -13.999300559707471
Q((4, 14, 3)): [-14.93025527 -13.99930056 -15.74927204]
V((4, 15, 0)): -10.999999999999979
Q((4, 15, 0)): [-13. -13. -11.]
V((4, 15, 1)): -11.999999999999975
Q((4, 15, 1)): [-12.         -13.99999722 -12.99999998]
V((4, 15, 2)): -12.999999146180144
Q((4, 15, 2)): [-12.99999915 -12.99999922 -14.99511982]
V((4, 15, 3)): -11.99999999999947
Q((4, 15, 3)): [-13.99969363 -12.         -14.95050402]
V((5, 1, 0)): -27.999999999999876
Q((5, 1, 0)): [-29.99998813 -28.         -28.        ]
V((5, 1, 1)): -26.999999999999883
Q((5, 1, 1)): [-28.9995718  -28.99939446 -27.        ]
V((5, 1, 2)): -27.999999909992223
Q((5, 1, 2)): [-27.99999991 -29.98016044 -29.99730295]
V((5, 1, 3)): -28.999995223085083
Q((5, 1, 3)): [-28.99999525 -28.99999522 -29.98872682]
V((5, 2, 0)): -24.999999999999897
Q((5, 2, 0)): [-27. -27. -25.]
V((5, 2, 1)): -25.99999999999989
Q((5, 2, 1)): [-26.         -27.99978108 -26.        ]
V((5, 2, 2)): -26.99994880623252
Q((5, 2, 2)): [-26.99994881 -26.99995351 -28.96952067]
V((5, 2, 3)): -25.99999999999989
Q((5, 2, 3)): [-27.9977521  -26.         -29.99816641]
V((5, 3, 0)): -23.999999999999904
Q((5, 3, 0)): [-26. -26. -24.]
V((5, 3, 1)): -24.999999999999897
Q((5, 3, 1)): [-25.         -26.99983453 -25.        ]
V((5, 3, 2)): -25.99999070757091
Q((5, 3, 2)): [-25.99999071 -25.99999217 -27.99028747]
V((5, 3, 3)): -24.999999999999897
Q((5, 3, 3)): [-26.99983023 -25.         -26.99626365]
V((5, 4, 0)): -22.99999999999991
Q((5, 4, 0)): [-25. -25. -23.]
V((5, 4, 1)): -23.999999999999904
Q((5, 4, 1)): [-24.         -25.99999851 -25.        ]
V((5, 4, 2)): -24.999999598768717
Q((5, 4, 2)): [-24.99999966 -24.9999996  -26.998733  ]
V((5, 4, 3)): -23.999999999999904
Q((5, 4, 3)): [-25.99985583 -24.         -25.99993782]
V((5, 6, 0)): -20.999999999999925
Q((5, 6, 0)): [-22.99998548 -21.         -21.        ]
V((5, 6, 1)): -19.999999999999932
Q((5, 6, 1)): [-21.98695746 -21.99400088 -20.        ]
V((5, 6, 2)): -20.999999888767068
Q((5, 6, 2)): [-20.99999989 -22.59457902 -22.97141637]
V((5, 6, 3)): -21.999993626763242
Q((5, 6, 3)): [-21.99999457 -21.99999363 -22.78220708]
V((5, 7, 0)): -19.999999999999932
Q((5, 7, 0)): [-21.98624693 -20.         -20.        ]
V((5, 7, 1)): -18.99999999999994
Q((5, 7, 1)): [-20.99872156 -20.99952612 -19.        ]
V((5, 7, 2)): -19.999988147775312
Q((5, 7, 2)): [-19.99998815 -21.7282404  -21.65264414]
V((5, 7, 3)): -20.9930654985469
Q((5, 7, 3)): [-20.9930655  -20.99475281 -22.49212343]
V((5, 8, 0)): -18.99926696604671
Q((5, 8, 0)): [-20.79574902 -18.99942738 -18.99926697]
V((5, 8, 1)): -17.999999999999947
Q((5, 8, 1)): [-19.99559696 -19.99994864 -18.        ]
V((5, 8, 2)): -18.999995634529473
Q((5, 8, 2)): [-18.99999563 -20.56939631 -20.64072809]
V((5, 8, 3)): -19.919501524220525
Q((5, 8, 3)): [-19.91950152 -19.93838254 -20.93092211]
V((5, 9, 0)): -17.99930360987095
Q((5, 9, 0)): [-19.83444909 -17.99944584 -17.99930361]
V((5, 9, 1)): -16.999999999999954
Q((5, 9, 1)): [-18.9958505  -18.99983065 -17.        ]
V((5, 9, 2)): -17.99998720599189
Q((5, 9, 2)): [-17.99998721 -19.65520876 -19.66847918]
V((5, 9, 3)): -18.938561136438736
Q((5, 9, 3)): [-18.93856114 -18.95015452 -20.22826631]
V((5, 10, 0)): -15.999999999804798
Q((5, 10, 0)): [-17.97637808 -16.99598418 -16.        ]
V((5, 10, 1)): -15.999999999999961
Q((5, 10, 1)): [-16.999609   -17.99817503 -16.        ]
V((5, 10, 2)): -16.99980562025246
Q((5, 10, 2)): [-16.99980562 -17.81303378 -18.51159488]
V((5, 10, 3)): -16.997171458469925
Q((5, 10, 3)): [-17.49587499 -16.99717146 -19.03585339]
V((5, 11, 0)): -14.999999999971479
Q((5, 11, 0)): [-16.93263424 -15.99960527 -15.        ]
V((5, 11, 1)): -14.999999999999964
Q((5, 11, 1)): [-15.99993093 -16.99491197 -15.        ]
V((5, 11, 2)): -15.999448761574174
Q((5, 11, 2)): [-15.99944876 -16.72468322 -17.73369156]
V((5, 11, 3)): -15.991833852288908
Q((5, 11, 3)): [-16.51897241 -15.99183385 -17.10566801]
V((5, 12, 0)): -13.999999999976291
Q((5, 12, 0)): [-15.96401091 -14.98345415 -14.        ]
V((5, 12, 1)): -13.999999999999968
Q((5, 12, 1)): [-14.99971246 -15.99501253 -14.        ]
V((5, 12, 2)): -14.999532627569161
Q((5, 12, 2)): [-14.99953263 -15.61862332 -15.95910936]
V((5, 12, 3)): -14.995028911416833
Q((5, 12, 3)): [-15.10258602 -14.99502891 -16.76672596]
V((5, 13, 0)): -12.999999999988649
Q((5, 13, 0)): [-14.99246232 -13.99899749 -13.        ]
V((5, 13, 1)): -12.999999999999972
Q((5, 13, 1)): [-13.99995576 -14.99784369 -13.        ]
V((5, 13, 2)): -13.999911400226084
Q((5, 13, 2)): [-13.9999114  -14.71423788 -15.7549631 ]
V((5, 13, 3)): -13.99875602587712
Q((5, 13, 3)): [-14.93349395 -13.99875603 -15.53248771]
V((5, 14, 0)): -11.99999999993722
Q((5, 14, 0)): [-13.99851573 -12.99998347 -12.        ]
V((5, 14, 1)): -11.999999999999975
Q((5, 14, 1)): [-12.9995763  -13.99998861 -12.        ]
V((5, 14, 2)): -12.999999586118895
Q((5, 14, 2)): [-12.99999959 -13.97726597 -14.99270458]
V((5, 14, 3)): -12.999871888308348
Q((5, 14, 3)): [-13.99815165 -12.99987189 -14.93218018]
V((5, 15, 0)): -9.999999999999982
Q((5, 15, 0)): [-12. -12. -10.]
V((5, 15, 1)): -10.999999999999979
Q((5, 15, 1)): [-11.         -12.99999993 -12.        ]
V((5, 15, 2)): -11.999999991695471
Q((5, 15, 2)): [-11.99999999 -11.99999999 -13.9989472 ]
V((5, 15, 3)): -10.999999999999979
Q((5, 15, 3)): [-12.99998399 -11.         -13.99632029]
V((6, 1, 0)): -26.999999999999883
Q((6, 1, 0)): [-28.99996969 -27.         -27.        ]
V((6, 1, 1)): -25.99999999999989
Q((6, 1, 1)): [-27.99842861 -27.99773757 -26.        ]
V((6, 1, 2)): -26.9999998254346
Q((6, 1, 2)): [-26.99999983 -28.91548764 -28.9570725 ]
V((6, 1, 3)): -27.999986776307455
Q((6, 1, 3)): [-27.99998926 -27.99998678 -28.9939291 ]
V((6, 2, 0)): -23.999999999999904
Q((6, 2, 0)): [-26. -26. -24.]
V((6, 2, 1)): -24.999999999999897
Q((6, 2, 1)): [-25.         -26.99745794 -25.        ]
V((6, 2, 2)): -25.99987516390862
Q((6, 2, 2)): [-25.99987516 -25.99989337 -27.96084459]
V((6, 2, 3)): -24.999999999999897
Q((6, 2, 3)): [-26.99791727 -25.         -28.97576355]
V((6, 3, 0)): -22.99999999999991
Q((6, 3, 0)): [-25. -25. -23.]
V((6, 3, 1)): -23.999999999999904
Q((6, 3, 1)): [-24.         -25.99997561 -24.        ]
V((6, 3, 2)): -24.999992371447565
Q((6, 3, 2)): [-24.99999417 -24.99999237 -26.98209483]
V((6, 3, 3)): -23.999999999999904
Q((6, 3, 3)): [-25.9997325  -24.         -25.99914535]
V((6, 4, 0)): -21.99999999999992
Q((6, 4, 0)): [-24. -24. -22.]
V((6, 4, 1)): -22.99999999999991
Q((6, 4, 1)): [-23.         -24.99999999 -24.        ]
V((6, 4, 2)): -23.999999997365062
Q((6, 4, 2)): [-24.         -24.         -25.99920444]
V((6, 4, 3)): -22.99999999999991
Q((6, 4, 3)): [-24.99998362 -23.         -24.99999919]
V((6, 6, 0)): -19.999999999999932
Q((6, 6, 0)): [-21.999837 -20.       -20.      ]
V((6, 6, 1)): -18.99999999999994
Q((6, 6, 1)): [-20.98527897 -20.98813441 -19.        ]
V((6, 6, 2)): -19.999999314586944
Q((6, 6, 2)): [-19.99999931 -21.66393722 -21.82426367]
V((6, 6, 3)): -20.999930798052468
Q((6, 6, 3)): [-20.99993168 -20.9999308  -21.89551193]
V((6, 7, 0)): -18.99999999999994
Q((6, 7, 0)): [-20.94126921 -19.         -19.        ]
V((6, 7, 1)): -17.999999999999947
Q((6, 7, 1)): [-19.99134492 -19.99963194 -18.        ]
V((6, 7, 2)): -18.999997663541006
Q((6, 7, 2)): [-18.99999766 -20.16597718 -20.43778582]
V((6, 7, 3)): -19.97815899310417
Q((6, 7, 3)): [-19.97871    -19.97815899 -20.45849799]
V((6, 8, 0)): -17.999540271093505
Q((6, 8, 0)): [-19.50912099 -17.99963027 -17.99954027]
V((6, 8, 1)): -16.999999999999954
Q((6, 8, 1)): [-18.99845869 -18.99915971 -17.        ]
V((6, 8, 2)): -17.99989646007953
Q((6, 8, 2)): [-17.99989646 -19.50449378 -19.72510278]
V((6, 8, 3)): -18.8901640496659
Q((6, 8, 3)): [-18.89016405 -18.89299439 -19.36731439]
V((6, 9, 0)): -16.999615793369355
Q((6, 9, 0)): [-18.76543765 -16.99969798 -16.99961579]
V((6, 9, 1)): -15.999999999999961
Q((6, 9, 1)): [-17.99733263 -17.99957753 -16.        ]
V((6, 9, 2)): -16.99997680909132
Q((6, 9, 2)): [-16.99997681 -18.40697231 -18.80925007]
V((6, 9, 3)): -17.92890078256322
Q((6, 9, 3)): [-17.94376935 -17.92890078 -18.92554552]
V((6, 10, 0)): -14.9999999999979
Q((6, 10, 0)): [-16.95446689 -15.99955307 -15.        ]
V((6, 10, 1)): -14.999999999999964
Q((6, 10, 1)): [-15.99925657 -16.99944889 -15.        ]
V((6, 10, 2)): -15.99987643681132
Q((6, 10, 2)): [-15.99987644 -16.88368502 -17.82444552]
V((6, 10, 3)): -15.993574900658478
Q((6, 10, 3)): [-16.73965608 -15.9935749  -18.34711996]
V((6, 11, 0)): -13.999999999998304
Q((6, 11, 0)): [-15.98781829 -14.99966308 -14.        ]
V((6, 11, 1)): -13.999999999999968
Q((6, 11, 1)): [-14.9998275  -15.99986313 -14.        ]
V((6, 11, 2)): -14.99997708313579
Q((6, 11, 2)): [-14.99997708 -15.97620017 -16.85503658]
V((6, 11, 3)): -14.999861797313327
Q((6, 11, 3)): [-15.68739526 -14.9998618  -16.41062693]
V((6, 12, 0)): -12.99999999999996
Q((6, 12, 0)): [-14.99649841 -13.99967205 -13.        ]
V((6, 12, 1)): -12.999999999999972
Q((6, 12, 1)): [-13.99999706 -14.99977864 -13.        ]
V((6, 12, 2)): -13.99998368889801
Q((6, 12, 2)): [-13.99998369 -14.98902706 -15.7310291 ]
V((6, 12, 3)): -13.999950921280025
Q((6, 12, 3)): [-14.89883718 -13.99995092 -15.76794608]
V((6, 13, 0)): -11.999999999999913
Q((6, 13, 0)): [-13.99157844 -12.999571   -12.        ]
V((6, 13, 1)): -11.999999999999975
Q((6, 13, 1)): [-12.99998146 -13.99970486 -12.        ]
V((6, 13, 2)): -12.999996474346068
Q((6, 13, 2)): [-12.99999647 -13.74020829 -14.8846492 ]
V((6, 13, 3)): -12.998969800740607
Q((6, 13, 3)): [-13.97879219 -12.9989698  -14.94250805]
V((6, 14, 0)): -10.999999999999972
Q((6, 14, 0)): [-12.99974601 -11.99999864 -11.        ]
V((6, 14, 1)): -10.999999999999979
Q((6, 14, 1)): [-11.99999506 -12.99997689 -11.        ]
V((6, 14, 2)): -11.9999979823788
Q((6, 14, 2)): [-11.99999798 -12.99345441 -13.99795682]
V((6, 14, 3)): -11.999999793370343
Q((6, 14, 3)): [-12.99861121 -11.99999979 -13.88314969]
V((6, 15, 0)): -8.999999999999986
Q((6, 15, 0)): [-11. -11.  -9.]
V((6, 15, 1)): -9.999999999999982
Q((6, 15, 1)): [-10. -12. -11.]
V((6, 15, 2)): -10.999999999831495
Q((6, 15, 2)): [-11.       -11.       -12.999984]
V((6, 15, 3)): -9.999999999999982
Q((6, 15, 3)): [-11.99999979 -10.         -12.99988706]
V((7, 1, 0)): -25.99999999999989
Q((7, 1, 0)): [-27.99999565 -26.         -26.        ]
V((7, 1, 1)): -24.999999999999897
Q((7, 1, 1)): [-26.99964101 -26.99169701 -25.        ]
V((7, 1, 2)): -25.999999970612993
Q((7, 1, 2)): [-25.99999997 -27.89406851 -27.95892897]
V((7, 1, 3)): -26.999998060875473
Q((7, 1, 3)): [-26.99999827 -26.99999806 -27.96981155]
V((7, 2, 0)): -22.99999999999991
Q((7, 2, 0)): [-25. -25. -23.]
V((7, 2, 1)): -23.999999999999904
Q((7, 2, 1)): [-24.         -25.99995312 -24.        ]
V((7, 2, 2)): -24.9999881454027
Q((7, 2, 2)): [-24.99998815 -24.99998985 -26.99413508]
V((7, 2, 3)): -23.999999999999904
Q((7, 2, 3)): [-25.99967088 -24.         -27.99847464]
V((7, 3, 0)): -21.99999999999992
Q((7, 3, 0)): [-24. -24. -22.]
V((7, 3, 1)): -22.99999999999991
Q((7, 3, 1)): [-23.         -24.99999817 -23.        ]
V((7, 3, 2)): -23.99999971646282
Q((7, 3, 2)): [-23.99999976 -23.99999972 -25.98007986]
V((7, 3, 3)): -22.99999999999991
Q((7, 3, 3)): [-24.99990063 -23.         -24.99998848]
V((7, 4, 0)): -20.999999999999925
Q((7, 4, 0)): [-23. -23. -21.]
V((7, 4, 1)): -21.99999999999992
Q((7, 4, 1)): [-22.         -23.99999996 -23.        ]
V((7, 4, 2)): -22.999999993498143
Q((7, 4, 2)): [-22.99999999 -22.99999999 -24.99997328]
V((7, 4, 3)): -21.99999999999992
Q((7, 4, 3)): [-23.99999955 -22.         -23.99999958]
V((7, 6, 0)): -18.99999999999994
Q((7, 6, 0)): [-20.99897146 -19.         -19.        ]
V((7, 6, 1)): -17.999999999999947
Q((7, 6, 1)): [-19.99769091 -19.91498445 -18.        ]
V((7, 6, 2)): -18.99998991500146
Q((7, 6, 2)): [-18.99998992 -20.30970084 -20.31691501]
V((7, 6, 3)): -19.999557036404752
Q((7, 6, 3)): [-19.99955704 -19.9995664  -20.82687969]
V((7, 7, 0)): -17.999999999999947
Q((7, 7, 0)): [-19.97941677 -18.         -18.99591455]
V((7, 7, 1)): -16.999999999999954
Q((7, 7, 1)): [-18.99992318 -18.99902995 -17.        ]
V((7, 7, 2)): -17.999975289080346
Q((7, 7, 2)): [-17.99997529 -19.66779077 -19.63667797]
V((7, 7, 3)): -18.991796558887074
Q((7, 7, 3)): [-18.99479091 -18.99179656 -19.69370567]
V((7, 8, 0)): -16.999687222128244
Q((7, 8, 0)): [-18.75024509 -16.99972243 -16.99968722]
V((7, 8, 1)): -15.999999999999961
Q((7, 8, 1)): [-17.9948796  -17.99988434 -16.        ]
V((7, 8, 2)): -16.99999286215676
Q((7, 8, 2)): [-16.99999286 -18.31741818 -18.29919538]
V((7, 8, 3)): -17.89930580533225
Q((7, 8, 3)): [-17.89930581 -17.91854077 -19.62416051]
V((7, 9, 0)): -15.999766318897182
Q((7, 9, 0)): [-17.90618998 -15.99984642 -15.99976632]
V((7, 9, 1)): -14.999999999999964
Q((7, 9, 1)): [-16.99776944 -16.99982732 -15.        ]
V((7, 9, 2)): -15.99998625878284
Q((7, 9, 2)): [-15.99998626 -17.72629542 -17.37527839]
V((7, 9, 3)): -16.972530112822632
Q((7, 9, 3)): [-16.97272275 -16.97253011 -17.87448891]
V((7, 10, 0)): -13.99999999999992
Q((7, 10, 0)): [-15.98756606 -14.99960308 -14.        ]
V((7, 10, 1)): -13.999999999999968
Q((7, 10, 1)): [-14.99986798 -15.99677281 -14.        ]
V((7, 10, 2)): -14.999761417021142
Q((7, 10, 2)): [-14.99976142 -15.84744195 -15.89092589]
V((7, 10, 3)): -14.998134841457894
Q((7, 10, 3)): [-15.71464047 -14.99813484 -17.34937297]
V((7, 11, 0)): -12.999999999999893
Q((7, 11, 0)): [-14.99860532 -13.99948086 -13.        ]
V((7, 11, 1)): -12.999999999999972
Q((7, 11, 1)): [-13.99998222 -14.99964868 -13.        ]
V((7, 11, 2)): -13.999937514579091
Q((7, 11, 2)): [-13.99993751 -14.95959807 -15.94259121]
V((7, 11, 3)): -13.999935033776111
Q((7, 11, 3)): [-14.95686256 -13.99993503 -15.57443934]
V((7, 12, 0)): -11.999999999999975
Q((7, 12, 0)): [-13.99918591 -12.99998304 -12.        ]
V((7, 12, 1)): -11.999999999999975
Q((7, 12, 1)): [-12.99999358 -13.99968773 -12.        ]
V((7, 12, 2)): -12.99993679389628
Q((7, 12, 2)): [-12.99993679 -13.96644264 -14.99105818]
V((7, 12, 3)): -12.999956750033798
Q((7, 12, 3)): [-13.97768961 -12.99995675 -14.9484425 ]
V((7, 13, 0)): -10.999999999999979
Q((7, 13, 0)): [-12.99968574 -11.99999604 -11.        ]
V((7, 13, 1)): -10.999999999999979
Q((7, 13, 1)): [-11.99997111 -12.99999602 -11.        ]
V((7, 13, 2)): -11.9999995611819
Q((7, 13, 2)): [-11.99999956 -12.98949303 -13.9822439 ]
V((7, 13, 3)): -11.99997566903537
Q((7, 13, 3)): [-12.99169192 -11.99997567 -13.99207051]
V((7, 14, 0)): -9.999999999999982
Q((7, 14, 0)): [-11.99932145 -10.99999689 -10.        ]
V((7, 14, 1)): -9.999999999999982
Q((7, 14, 1)): [-10.99999552 -11.99999652 -10.        ]
V((7, 14, 2)): -10.999999854171916
Q((7, 14, 2)): [-10.99999985 -11.98874815 -12.99664166]
V((7, 14, 3)): -10.99999826712197
Q((7, 14, 3)): [-11.99903127 -10.99999827 -12.99340934]
V((7, 15, 0)): -7.99999999999999
Q((7, 15, 0)): [-10. -10.  -8.]
V((7, 15, 1)): -8.999999999999986
Q((7, 15, 1)): [ -9. -11. -10.]
V((7, 15, 2)): -9.999999999997614
Q((7, 15, 2)): [-10.         -10.         -11.99999825]
V((7, 15, 3)): -8.999999999999986
Q((7, 15, 3)): [-10.99999994  -9.         -11.99992996]
V((8, 1, 0)): -24.999999999999897
Q((8, 1, 0)): [-26.99999031 -25.         -25.        ]
V((8, 1, 1)): -23.999999999999904
Q((8, 1, 1)): [-25.99875282 -25.99888881 -24.        ]
V((8, 1, 2)): -24.999999936133552
Q((8, 1, 2)): [-24.99999994 -26.92693614 -26.98216343]
V((8, 1, 3)): -25.99999615686071
Q((8, 1, 3)): [-25.99999616 -25.99999684 -26.99510712]
V((8, 2, 0)): -21.99999999999992
Q((8, 2, 0)): [-24. -24. -22.]
V((8, 2, 1)): -22.99999999999991
Q((8, 2, 1)): [-23.         -24.99977423 -23.        ]
V((8, 2, 2)): -23.99997701401591
Q((8, 2, 2)): [-23.99998176 -23.99997701 -25.99480109]
V((8, 2, 3)): -22.99999999999991
Q((8, 2, 3)): [-24.99944186 -23.         -26.99850395]
V((8, 3, 0)): -20.999999999999925
Q((8, 3, 0)): [-23. -23. -21.]
V((8, 3, 1)): -21.99999999999992
Q((8, 3, 1)): [-22.         -23.99995608 -22.        ]
V((8, 3, 2)): -22.99999641344544
Q((8, 3, 2)): [-22.9999979  -22.99999641 -24.99919657]
V((8, 3, 3)): -21.99999999999992
Q((8, 3, 3)): [-23.99993057 -22.         -23.99992077]
V((8, 4, 0)): -19.999999999999932
Q((8, 4, 0)): [-22. -22. -20.]
V((8, 4, 1)): -20.999999999999925
Q((8, 4, 1)): [-21. -23. -22.]
V((8, 4, 2)): -21.999999999142894
Q((8, 4, 2)): [-22.         -22.         -23.99999169]
V((8, 4, 3)): -20.999999999999925
Q((8, 4, 3)): [-22.99999927 -21.         -22.99999636]
V((8, 6, 0)): -17.999999999999947
Q((8, 6, 0)): [-19.99998176 -19.99996732 -18.        ]
V((8, 6, 1)): -18.999997061416895
Q((8, 6, 1)): [-18.99999706 -20.33989309 -19.86680193]
V((8, 6, 2)): -19.72341696979398
Q((8, 6, 2)): [-19.75222474 -19.72341697 -19.78012379]
V((8, 6, 3)): -18.9999983076266
Q((8, 6, 3)): [-20.31403867 -18.99999831 -19.67914696]
V((8, 8, 0)): -15.999789183037068
Q((8, 8, 0)): [-17.55214456 -15.99981255 -15.99978918]
V((8, 8, 1)): -14.999984377954554
Q((8, 8, 1)): [-16.81714071 -16.19278371 -14.99998438]
V((8, 8, 2)): -15.934214556899876
Q((8, 8, 2)): [-15.93421456 -17.13290004 -17.70113591]
V((8, 8, 3)): -16.783062410993043
Q((8, 8, 3)): [-16.78306241 -16.81445968 -17.28868721]
V((8, 9, 0)): -14.99986778095454
Q((8, 9, 0)): [-16.68111375 -14.99988836 -14.99986778]
V((8, 9, 1)): -13.99999997297346
Q((8, 9, 1)): [-15.97446845 -15.91686959 -13.99999997]
V((8, 9, 2)): -14.998964986755086
Q((8, 9, 2)): [-14.99896499 -16.52203813 -16.41620715]
V((8, 9, 3)): -15.909818213621213
Q((8, 9, 3)): [-15.92027578 -15.90981821 -16.65761934]
V((8, 10, 0)): -12.999999999999972
Q((8, 10, 0)): [-14.99658822 -13.99945582 -13.        ]
V((8, 10, 1)): -12.999999998833319
Q((8, 10, 1)): [-13.99966698 -14.97697495 -13.        ]
V((8, 10, 2)): -13.997981437071958
Q((8, 10, 2)): [-13.99798144 -14.82714674 -15.68077748]
V((8, 10, 3)): -13.999659737574301
Q((8, 10, 3)): [-14.92786405 -13.99965974 -16.4278978 ]
V((8, 11, 0)): -11.999999999999968
Q((8, 11, 0)): [-13.99894    -12.99999598 -12.        ]
V((8, 11, 1)): -11.999999999983244
Q((8, 11, 1)): [-12.99994223 -13.99574663 -12.        ]
V((8, 11, 2)): -12.998645867913327
Q((8, 11, 2)): [-12.99864587 -13.93568199 -14.88470739]
V((8, 11, 3)): -12.999860533918838
Q((8, 11, 3)): [-13.81500755 -12.99986053 -14.9513184 ]
V((8, 12, 0)): -10.999999999999979
Q((8, 12, 0)): [-12.99990124 -11.99999138 -11.        ]
V((8, 12, 1)): -10.999999999999769
Q((8, 12, 1)): [-11.99993313 -12.99846976 -11.        ]
V((8, 12, 2)): -11.999504358473676
Q((8, 12, 2)): [-11.99950436 -12.99642541 -13.98484547]
V((8, 12, 3)): -11.999999754680324
Q((8, 12, 3)): [-12.97195219 -11.99999975 -13.80776046]
V((8, 13, 0)): -9.999999999999982
Q((8, 13, 0)): [-11.99997801 -10.99999357 -10.        ]
V((8, 13, 1)): -9.999999999999979
Q((8, 13, 1)): [-10.99998257 -11.99997986 -10.        ]
V((8, 13, 2)): -10.999998603895435
Q((8, 13, 2)): [-10.9999986  -11.98550476 -12.98841276]
V((8, 13, 3)): -10.999999492635135
Q((8, 13, 3)): [-11.99756268 -10.99999949 -12.99347421]
V((8, 14, 0)): -8.999999999999986
Q((8, 14, 0)): [-10.99999979 -10.          -9.        ]
V((8, 14, 1)): -8.999999999999986
Q((8, 14, 1)): [ -9.99999929 -10.99999841  -9.        ]
V((8, 14, 2)): -9.999999999252895
Q((8, 14, 2)): [-10.         -10.99962351 -11.99761771]
V((8, 14, 3)): -9.999999999491772
Q((8, 14, 3)): [-10.99999816 -10.         -11.99949221]
V((8, 15, 0)): -6.999999999999992
Q((8, 15, 0)): [-9. -9. -7.]
V((8, 15, 1)): -7.99999999999999
Q((8, 15, 1)): [ -8. -10.  -9.]
V((8, 15, 2)): -8.999999999999826
Q((8, 15, 2)): [ -9.          -9.         -10.99999995]
V((8, 15, 3)): -7.99999999999999
Q((8, 15, 3)): [ -9.99999999  -8.         -10.99999997]
V((9, 1, 0)): -23.999999999999904
Q((9, 1, 0)): [-25.99997353 -24.         -24.        ]
V((9, 1, 1)): -22.99999999999991
Q((9, 1, 1)): [-24.99288608 -24.99642671 -23.        ]
V((9, 1, 2)): -23.999999720823336
Q((9, 1, 2)): [-23.99999972 -25.93974375 -25.98249523]
V((9, 1, 3)): -24.999989049345654
Q((9, 1, 3)): [-24.99998905 -24.99999139 -25.9959953 ]
V((9, 2, 0)): -20.999999999999925
Q((9, 2, 0)): [-23. -23. -21.]
V((9, 2, 1)): -21.99999999999992
Q((9, 2, 1)): [-22.        -23.9999919 -22.       ]
V((9, 2, 2)): -22.999998782170852
Q((9, 2, 2)): [-22.99999878 -22.99999903 -24.99757513]
V((9, 2, 3)): -21.99999999999992
Q((9, 2, 3)): [-23.99996829 -22.         -25.99815811]
V((9, 3, 0)): -19.999999999999932
Q((9, 3, 0)): [-22. -22. -20.]
V((9, 3, 1)): -20.999999999999925
Q((9, 3, 1)): [-21.         -22.99999919 -21.        ]
V((9, 3, 2)): -21.9999999487412
Q((9, 3, 2)): [-21.99999996 -21.99999995 -23.99911523]
V((9, 3, 3)): -20.999999999999925
Q((9, 3, 3)): [-22.99999809 -21.         -22.9999853 ]
V((9, 4, 0)): -18.99999999999994
Q((9, 4, 0)): [-21. -21. -19.]
V((9, 4, 1)): -19.999999999999932
Q((9, 4, 1)): [-20. -22. -21.]
V((9, 4, 2)): -20.999999999849734
Q((9, 4, 2)): [-21.         -21.         -22.99999398]
V((9, 4, 3)): -19.999999999999932
Q((9, 4, 3)): [-21.99999989 -20.         -21.99999995]
V((9, 6, 0)): -16.999999999999954
Q((9, 6, 0)): [-18.99880228 -17.         -17.        ]
V((9, 6, 1)): -15.999999999999961
Q((9, 6, 1)): [-17.98340153 -17.96426472 -16.        ]
V((9, 6, 2)): -16.99999702960244
Q((9, 6, 2)): [-16.99999703 -18.50253119 -18.98054857]
V((9, 6, 3)): -17.999487956685396
Q((9, 6, 3)): [-17.99952389 -17.99948796 -18.28797638]
V((9, 7, 0)): -15.803804632321828
Q((9, 7, 0)): [-16.04761463 -15.89337519 -15.80380463]
V((9, 7, 1)): -14.999999999999964
Q((9, 7, 1)): [-16.66242545 -16.96470334 -15.        ]
V((9, 7, 2)): -15.996250195371731
Q((9, 7, 2)): [-15.9962502 -16.6189418 -16.5872928]
V((9, 7, 3)): -16.168190508337986
Q((9, 7, 3)): [-16.34108212 -16.16819051 -18.02128281]
V((9, 8, 0)): -14.999878350679023
Q((9, 8, 0)): [-16.82486881 -14.99990281 -14.99987835]
V((9, 8, 1)): -13.999999999999968
Q((9, 8, 1)): [-15.98861679 -15.98772043 -14.        ]
V((9, 8, 2)): -14.999290327871782
Q((9, 8, 2)): [-14.99929033 -15.59812857 -16.67172575]
V((9, 8, 3)): -15.912646115038198
Q((9, 8, 3)): [-15.91264612 -15.91808202 -16.54971342]
V((9, 9, 0)): -13.999941523830984
Q((9, 9, 0)): [-15.85660726 -13.99994152 -13.99994357]
V((9, 9, 1)): -12.999999999999972
Q((9, 9, 1)): [-14.99918063 -14.99760691 -13.        ]
V((9, 9, 2)): -13.999803673513073
Q((9, 9, 2)): [-13.99980367 -15.03935135 -15.95048127]
V((9, 9, 3)): -14.93298862321763
Q((9, 9, 3)): [-14.93298862 -14.94284947 -16.43230619]
V((9, 10, 0)): -11.999999999999975
Q((9, 10, 0)): [-13.99690466 -12.99995084 -12.        ]
V((9, 10, 1)): -11.999999999999975
Q((9, 10, 1)): [-12.99999157 -13.99943427 -12.        ]
V((9, 10, 2)): -12.99993711665667
Q((9, 10, 2)): [-12.99993712 -13.96820668 -14.76042967]
V((9, 10, 3)): -12.999920000924066
Q((9, 10, 3)): [-13.92549631 -12.99992    -15.07680814]
V((9, 11, 0)): -10.999999999999979
Q((9, 11, 0)): [-12.99995558 -11.99985825 -11.        ]
V((9, 11, 1)): -10.999999999999979
Q((9, 11, 1)): [-11.99998879 -12.99988793 -11.        ]
V((9, 11, 2)): -11.99999984031095
Q((9, 11, 2)): [-11.99999984 -12.99145062 -13.78737511]
V((9, 11, 3)): -11.999994135599362
Q((9, 11, 3)): [-12.99792008 -11.99999414 -13.98408666]
V((9, 12, 0)): -9.999999999999982
Q((9, 12, 0)): [-11.99994196 -10.99999895 -10.        ]
V((9, 12, 1)): -9.999999999999982
Q((9, 12, 1)): [-10.99999714 -11.99999819 -10.        ]
V((9, 12, 2)): -10.999999917695616
Q((9, 12, 2)): [-10.99999992 -11.99801538 -12.99230723]
V((9, 12, 3)): -10.999999121084082
Q((9, 12, 3)): [-11.99834728 -10.99999912 -12.99629399]
V((9, 13, 0)): -8.999999999999986
Q((9, 13, 0)): [-10.99999581  -9.99999995  -9.        ]
V((9, 13, 1)): -8.999999999999986
Q((9, 13, 1)): [ -9.99999994 -10.99999996  -9.        ]
V((9, 13, 2)): -9.999999999231651
Q((9, 13, 2)): [-10.         -10.99924722 -11.99786457]
V((9, 13, 3)): -9.999999875169697
Q((9, 13, 3)): [-10.99987993  -9.99999988 -11.99953562]
V((9, 14, 0)): -7.99999999999999
Q((9, 14, 0)): [-9.99999997 -9.         -8.        ]
V((9, 14, 1)): -7.99999999999999
Q((9, 14, 1)): [-9.         -9.99999996 -8.        ]
V((9, 14, 2)): -8.999999999028677
Q((9, 14, 2)): [ -9.          -9.99999756 -10.99999171]
V((9, 14, 3)): -8.999999999989015
Q((9, 14, 3)): [ -9.99999884  -9.         -10.99994383]
V((9, 15, 0)): -5.999999999999994
Q((9, 15, 0)): [-8. -8. -6.]
V((9, 15, 1)): -6.999999999999992
Q((9, 15, 1)): [-7. -9. -8.]
V((9, 15, 2)): -7.999999999999971
Q((9, 15, 2)): [-8.         -8.         -9.99999991]
V((9, 15, 3)): -6.999999999999992
Q((9, 15, 3)): [-9.         -7.         -9.99999999]
V((10, 1, 0)): -22.99999999999991
Q((10, 1, 0)): [-24.99977091 -23.         -23.        ]
V((10, 1, 1)): -21.99999999999992
Q((10, 1, 1)): [-23.99968187 -23.99932612 -22.        ]
V((10, 1, 2)): -22.999999377754882
Q((10, 1, 2)): [-22.99999938 -24.87660924 -24.98870114]
V((10, 1, 3)): -23.99993478251971
Q((10, 1, 3)): [-23.99994679 -23.99993478 -24.94551784]
V((10, 2, 0)): -19.999999999999932
Q((10, 2, 0)): [-22. -22. -20.]
V((10, 2, 1)): -20.999999999999925
Q((10, 2, 1)): [-21.         -22.99993063 -21.        ]
V((10, 2, 2)): -21.999982771672467
Q((10, 2, 2)): [-21.99998277 -21.99998541 -23.99800038]
V((10, 2, 3)): -20.999999999999925
Q((10, 2, 3)): [-22.99915501 -21.         -24.99575528]
V((10, 3, 0)): -18.99999999999994
Q((10, 3, 0)): [-21. -21. -19.]
V((10, 3, 1)): -19.999999999999932
Q((10, 3, 1)): [-20.         -21.99999489 -20.        ]
V((10, 3, 2)): -20.999999016081116
Q((10, 3, 2)): [-20.99999937 -20.99999902 -22.99942474]
V((10, 3, 3)): -19.999999999999932
Q((10, 3, 3)): [-21.99998975 -20.         -21.99998982]
V((10, 4, 0)): -17.999999999999947
Q((10, 4, 0)): [-20. -20. -18.]
V((10, 4, 1)): -18.99999999999994
Q((10, 4, 1)): [-19. -21. -20.]
V((10, 4, 2)): -19.999999999948294
Q((10, 4, 2)): [-20.         -20.         -21.99999759]
V((10, 4, 3)): -18.99999999999994
Q((10, 4, 3)): [-20.99999991 -19.         -20.99999997]
V((10, 6, 0)): -15.999999999999961
Q((10, 6, 0)): [-17.99730047 -16.         -16.        ]
V((10, 6, 1)): -14.999999999999964
Q((10, 6, 1)): [-16.98359548 -16.93506801 -15.        ]
V((10, 6, 2)): -15.99994860742722
Q((10, 6, 2)): [-15.99994861 -17.37849264 -17.891419  ]
V((10, 6, 3)): -16.998571475686305
Q((10, 6, 3)): [-16.99898457 -16.99857148 -17.60998101]
V((10, 7, 0)): -14.97720141276062
Q((10, 7, 0)): [-15.681978   -14.97720141 -14.9794155 ]
V((10, 7, 1)): -13.999999999999968
Q((10, 7, 1)): [-15.93087687 -15.97437639 -14.        ]
V((10, 7, 2)): -14.998941162736074
Q((10, 7, 2)): [-14.99894116 -15.74605693 -16.40672547]
V((10, 7, 3)): -15.478198283896207
Q((10, 7, 3)): [-15.53599989 -15.47819828 -16.51096692]
V((10, 8, 0)): -13.999951601456013
Q((10, 8, 0)): [-15.91164052 -13.99995692 -13.9999516 ]
V((10, 8, 1)): -12.999999999999972
Q((10, 8, 1)): [-14.99488222 -14.99763178 -13.        ]
V((10, 8, 2)): -13.999900256297959
Q((10, 8, 2)): [-13.99990026 -15.45983295 -15.81696944]
V((10, 8, 3)): -14.96280853515482
Q((10, 8, 3)): [-14.96280854 -14.97141045 -15.57024558]
V((10, 9, 0)): -12.99997437473435
Q((10, 9, 0)): [-14.95360431 -12.99997957 -12.99997437]
V((10, 9, 1)): -11.999999999999975
Q((10, 9, 1)): [-13.99845231 -13.99765376 -12.        ]
V((10, 9, 2)): -12.999943719548828
Q((10, 9, 2)): [-12.99994372 -14.87753287 -14.66267941]
V((10, 9, 3)): -13.98670491798744
Q((10, 9, 3)): [-13.99085373 -13.98670492 -15.51295624]
V((10, 10, 0)): -10.999999999999979
Q((10, 10, 0)): [-12.99983056 -11.99997007 -11.        ]
V((10, 10, 1)): -10.999999999999979
Q((10, 10, 1)): [-11.99999761 -12.99965205 -11.        ]
V((10, 10, 2)): -11.999993901315403
Q((10, 10, 2)): [-11.9999939  -12.98572028 -13.86597278]
V((10, 10, 3)): -11.999993058227682
Q((10, 10, 3)): [-12.99334094 -11.99999306 -14.86080785]
V((10, 11, 0)): -9.999999999999982
Q((10, 11, 0)): [-11.99998565 -10.99998156 -10.        ]
V((10, 11, 1)): -9.999999999999982
Q((10, 11, 1)): [-10.99999481 -11.99998985 -10.        ]
V((10, 11, 2)): -10.999999070965782
Q((10, 11, 2)): [-10.99999907 -11.9986884  -12.99653175]
V((10, 11, 3)): -10.999999166472278
Q((10, 11, 3)): [-11.99958715 -10.99999917 -12.9922351 ]
V((10, 12, 0)): -8.999999999999986
Q((10, 12, 0)): [-10.99999862  -9.99999719  -9.        ]
V((10, 12, 1)): -8.999999999999986
Q((10, 12, 1)): [ -9.99999895 -10.99999289  -9.        ]
V((10, 12, 2)): -9.999999833026301
Q((10, 12, 2)): [ -9.99999983 -10.99906996 -11.99981464]
V((10, 12, 3)): -9.99999980587696
Q((10, 12, 3)): [-10.99949838  -9.99999981 -11.99915938]
V((10, 13, 0)): -7.99999999999999
Q((10, 13, 0)): [-9.99999991 -9.         -8.        ]
V((10, 13, 1)): -7.99999999999999
Q((10, 13, 1)): [-8.99999997 -9.99999993 -8.        ]
V((10, 13, 2)): -8.99999999997871
Q((10, 13, 2)): [ -9.          -9.9998494  -10.99996598]
V((10, 13, 3)): -8.999999997045135
Q((10, 13, 3)): [ -9.99999992  -9.         -10.99989644]
V((10, 14, 0)): -6.999999999999992
Q((10, 14, 0)): [-9. -8. -7.]
V((10, 14, 1)): -6.999999999999992
Q((10, 14, 1)): [-8. -9. -7.]
V((10, 14, 2)): -7.999999999999982
Q((10, 14, 2)): [-8.         -8.99999964 -9.99999926]
V((10, 14, 3)): -7.99999999999999
Q((10, 14, 3)): [-9.         -8.         -9.99999643]
V((10, 15, 0)): -4.999999999999996
Q((10, 15, 0)): [-7. -7. -5.]
V((10, 15, 1)): -5.999999999999994
Q((10, 15, 1)): [-6. -8. -7.]
V((10, 15, 2)): -6.999999999999992
Q((10, 15, 2)): [-7. -7. -9.]
V((10, 15, 3)): -5.999999999999994
Q((10, 15, 3)): [-8. -6. -9.]
V((11, 1, 0)): -21.99999999999992
Q((11, 1, 0)): [-23.99993436 -22.         -22.        ]
V((11, 1, 1)): -20.999999999999925
Q((11, 1, 1)): [-22.99981148 -22.99970451 -21.        ]
V((11, 1, 2)): -21.999999937240677
Q((11, 1, 2)): [-21.99999994 -23.9807595  -23.98116972]
V((11, 1, 3)): -22.99998825288643
Q((11, 1, 3)): [-22.99998825 -22.999991   -23.9887    ]
V((11, 2, 0)): -18.99999999999994
Q((11, 2, 0)): [-21. -21. -19.]
V((11, 2, 1)): -19.999999999999932
Q((11, 2, 1)): [-20.         -21.99981966 -20.        ]
V((11, 2, 2)): -20.999991957906023
Q((11, 2, 2)): [-20.99999322 -20.99999196 -22.99615881]
V((11, 2, 3)): -19.999999999999932
Q((11, 2, 3)): [-21.99990754 -20.         -23.99947624]
V((11, 3, 0)): -17.999999999999947
Q((11, 3, 0)): [-20. -20. -18.]
V((11, 3, 1)): -18.99999999999994
Q((11, 3, 1)): [-19.         -20.99999944 -19.        ]
V((11, 3, 2)): -19.999999988869337
Q((11, 3, 2)): [-19.99999999 -19.99999999 -21.99745453]
V((11, 3, 3)): -18.99999999999994
Q((11, 3, 3)): [-20.99999912 -19.         -20.99998647]
V((11, 4, 0)): -16.999999999999954
Q((11, 4, 0)): [-19. -19. -17.]
V((11, 4, 1)): -17.999999999999947
Q((11, 4, 1)): [-18. -20. -19.]
V((11, 4, 2)): -18.99999999999744
Q((11, 4, 2)): [-19.         -19.         -20.99999931]
V((11, 4, 3)): -17.999999999999947
Q((11, 4, 3)): [-20. -18. -20.]
V((11, 6, 0)): -14.999999999999964
Q((11, 6, 0)): [-16.99503331 -15.         -15.        ]
V((11, 6, 1)): -13.999999999999968
Q((11, 6, 1)): [-15.99133088 -15.99648735 -14.        ]
V((11, 6, 2)): -14.999977301770159
Q((11, 6, 2)): [-14.9999773  -16.7318204  -16.88950938]
V((11, 6, 3)): -15.997805761459281
Q((11, 6, 3)): [-15.99806848 -15.99780576 -16.92135171]
V((11, 7, 0)): -13.998477649525757
Q((11, 7, 0)): [-15.68290093 -13.99860413 -13.99847765]
V((11, 7, 1)): -12.999999999999972
Q((11, 7, 1)): [-14.98492849 -14.99966436 -13.        ]
V((11, 7, 2)): -13.999943033472311
Q((11, 7, 2)): [-13.99994303 -15.73636828 -15.92904601]
V((11, 7, 3)): -14.93078006390658
Q((11, 7, 3)): [-14.95962279 -14.93078006 -16.82076579]
V((11, 8, 0)): -12.999989313962827
Q((11, 8, 0)): [-14.9805412  -12.99999065 -12.99998931]
V((11, 8, 1)): -11.999999999999975
Q((11, 8, 1)): [-13.99958601 -13.99943051 -12.        ]
V((11, 8, 2)): -12.999985292642004
Q((11, 8, 2)): [-12.99998529 -14.96480372 -14.89047515]
V((11, 8, 3)): -13.994782467878524
Q((11, 8, 3)): [-13.99503946 -13.99478247 -15.75207109]
V((11, 9, 0)): -11.999997047811158
Q((11, 9, 0)): [-13.99638539 -11.99999757 -11.99999705]
V((11, 9, 1)): -10.999999999999979
Q((11, 9, 1)): [-12.99992494 -12.99981724 -11.        ]
V((11, 9, 2)): -11.999998563067857
Q((11, 9, 2)): [-11.99999856 -13.99292769 -13.93734231]
V((11, 9, 3)): -12.999340895947398
Q((11, 9, 3)): [-12.99943435 -12.9993409  -14.86301627]
V((11, 10, 0)): -9.999999999999982
Q((11, 10, 0)): [-11.99999973 -10.99999841 -10.        ]
V((11, 10, 1)): -9.999999999999982
Q((11, 10, 1)): [-10.99999995 -11.99999957 -10.        ]
V((11, 10, 2)): -10.999999989553718
Q((11, 10, 2)): [-10.99999999 -11.99982742 -12.99834304]
V((11, 10, 3)): -10.999999991606812
Q((11, 10, 3)): [-11.99963567 -10.99999999 -13.9621265 ]
V((11, 11, 0)): -8.999999999999986
Q((11, 11, 0)): [-10.99999973  -9.99999886  -9.        ]
V((11, 11, 1)): -8.999999999999986
Q((11, 11, 1)): [ -9.99999976 -10.99999927  -9.        ]
V((11, 11, 2)): -9.999999996705721
Q((11, 11, 2)): [-10.         -10.99992869 -11.99893796]
V((11, 11, 3)): -9.999999990402916
Q((11, 11, 3)): [-10.99998774  -9.99999999 -11.99738802]
V((11, 12, 0)): -7.99999999999999
Q((11, 12, 0)): [-9.99999518 -8.99999998 -8.        ]
V((11, 12, 1)): -7.99999999999999
Q((11, 12, 1)): [-9.         -9.99999999 -8.        ]
V((11, 12, 2)): -8.999999999911376
Q((11, 12, 2)): [ -9.          -9.99999673 -10.99995811]
V((11, 12, 3)): -8.999999998593442
Q((11, 12, 3)): [ -9.99999014  -9.         -10.99975063]
V((11, 13, 0)): -6.999999999999992
Q((11, 13, 0)): [-8.99999999 -8.         -7.        ]
V((11, 13, 1)): -6.999999999999992
Q((11, 13, 1)): [-8.         -8.99999995 -7.        ]
V((11, 13, 2)): -7.9999999999983125
Q((11, 13, 2)): [-8.         -8.99999366 -9.99999838]
V((11, 13, 3)): -7.999999999954674
Q((11, 13, 3)): [-8.9999991  -8.         -9.99999948]
V((11, 14, 0)): -5.999999999999994
Q((11, 14, 0)): [-8. -7. -6.]
V((11, 14, 1)): -5.999999999999994
Q((11, 14, 1)): [-7. -8. -6.]
V((11, 14, 2)): -6.999999999999991
Q((11, 14, 2)): [-7.         -7.99999987 -9.        ]
V((11, 14, 3)): -6.99999999999999
Q((11, 14, 3)): [-7.99999999 -7.         -8.99999998]
V((11, 15, 0)): -3.9999999999999973
Q((11, 15, 0)): [-6. -6. -4.]
V((11, 15, 1)): -4.999999999999996
Q((11, 15, 1)): [-5. -7. -6.]
V((11, 15, 2)): -5.999999999999994
Q((11, 15, 2)): [-6. -6. -8.]
V((11, 15, 3)): -4.999999999999996
Q((11, 15, 3)): [-7. -5. -8.]
V((12, 1, 0)): -20.999999999999925
Q((12, 1, 0)): [-22.99960512 -21.         -21.        ]
V((12, 1, 1)): -19.999999999999932
Q((12, 1, 1)): [-21.99891704 -21.99951222 -20.        ]
V((12, 1, 2)): -20.999999803393198
Q((12, 1, 2)): [-20.9999998  -22.97530238 -22.99268863]
V((12, 1, 3)): -21.999989455418337
Q((12, 1, 3)): [-21.99999066 -21.99998946 -22.99318759]
V((12, 2, 0)): -17.999999999999947
Q((12, 2, 0)): [-20. -20. -18.]
V((12, 2, 1)): -18.99999999999994
Q((12, 2, 1)): [-19.         -20.99998899 -19.        ]
V((12, 2, 2)): -19.999999283073166
Q((12, 2, 2)): [-19.99999944 -19.99999928 -21.99968414]
V((12, 2, 3)): -18.99999999999994
Q((12, 2, 3)): [-20.99997896 -19.         -22.99989649]
V((12, 3, 0)): -16.999999999999954
Q((12, 3, 0)): [-19. -19. -17.]
V((12, 3, 1)): -17.999999999999947
Q((12, 3, 1)): [-18.         -19.99999954 -18.        ]
V((12, 3, 2)): -18.999999992184378
Q((12, 3, 2)): [-18.99999999 -18.99999999 -20.99998857]
V((12, 3, 3)): -17.999999999999947
Q((12, 3, 3)): [-19.99999974 -18.         -19.99999998]
V((12, 4, 0)): -15.999999999999961
Q((12, 4, 0)): [-18. -18. -16.]
V((12, 4, 1)): -16.999999999999954
Q((12, 4, 1)): [-17. -19. -18.]
V((12, 4, 2)): -17.999999999999947
Q((12, 4, 2)): [-18.         -18.         -19.99999988]
V((12, 4, 3)): -16.999999999999954
Q((12, 4, 3)): [-19. -17. -19.]
V((12, 6, 0)): -13.999999999999968
Q((12, 6, 0)): [-15.99927224 -14.         -14.        ]
V((12, 6, 1)): -12.999999999999972
Q((12, 6, 1)): [-14.99547918 -14.99743529 -13.        ]
V((12, 6, 2)): -13.999992078824432
Q((12, 6, 2)): [-13.99999208 -15.98730492 -15.96241447]
V((12, 6, 3)): -14.999669972066279
Q((12, 6, 3)): [-14.99966997 -14.9997888  -15.97808469]
V((12, 7, 0)): -12.999993319596744
Q((12, 7, 0)): [-14.98371132 -12.99999332 -12.9999946 ]
V((12, 7, 1)): -11.999999999999975
Q((12, 7, 1)): [-13.99994554 -13.99990276 -12.        ]
V((12, 7, 2)): -12.999999455094924
Q((12, 7, 2)): [-12.99999946 -14.98992864 -14.9910785 ]
V((12, 7, 3)): -13.999130704035414
Q((12, 7, 3)): [-13.99917543 -13.9991307  -15.90624181]
V((12, 8, 0)): -11.999999034847162
Q((12, 8, 0)): [-13.99656063 -11.99999917 -11.99999903]
V((12, 8, 1)): -10.999999999999979
Q((12, 8, 1)): [-12.9999689  -12.99999865 -11.        ]
V((12, 8, 2)): -11.999999995782979
Q((12, 8, 2)): [-12.         -13.99792896 -13.99872405]
V((12, 8, 3)): -12.999653269944591
Q((12, 8, 3)): [-12.99965327 -12.99966803 -14.98975852]
V((12, 9, 0)): -10.999999983024052
Q((12, 9, 0)): [-12.99985068 -10.99999998 -10.99999998]
V((12, 9, 1)): -9.999999999999982
Q((12, 9, 1)): [-11.99999979 -11.99999972 -10.        ]
V((12, 9, 2)): -10.999999999133136
Q((12, 9, 2)): [-11.         -12.99990815 -12.99950851]
V((12, 9, 3)): -11.999993115274252
Q((12, 9, 3)): [-11.99999312 -11.99999317 -13.98317199]
V((12, 10, 0)): -8.999999999999986
Q((12, 10, 0)): [-10.99999808  -9.99999855  -9.        ]
V((12, 10, 1)): -8.999999999999986
Q((12, 10, 1)): [ -9.99999994 -10.99999989  -9.        ]
V((12, 10, 2)): -9.99999999582943
Q((12, 10, 2)): [-10.         -10.99998997 -11.99998265]
V((12, 10, 3)): -9.999999973232937
Q((12, 10, 3)): [-10.9999368   -9.99999997 -12.99926985]
V((12, 11, 0)): -7.99999999999999
Q((12, 11, 0)): [-9.99999402 -8.99999991 -8.        ]
V((12, 11, 1)): -7.99999999999999
Q((12, 11, 1)): [ -9. -10.  -8.]
V((12, 11, 2)): -8.999999999932864
Q((12, 11, 2)): [ -9.          -9.9998932  -10.99999343]
V((12, 11, 3)): -8.999999396051026
Q((12, 11, 3)): [ -9.99994462  -8.9999994  -10.99997447]
V((12, 12, 0)): -6.999999999999992
Q((12, 12, 0)): [-9. -8. -7.]
V((12, 12, 1)): -6.999999999999992
Q((12, 12, 1)): [-8. -9. -7.]
V((12, 12, 2)): -7.999999999998664
Q((12, 12, 2)): [-8.         -8.99999462 -9.99999945]
V((12, 12, 3)): -7.999999999998082
Q((12, 12, 3)): [-8.9999997  -8.         -9.99993197]
V((12, 13, 0)): -5.999999999999994
Q((12, 13, 0)): [-8. -7. -6.]
V((12, 13, 1)): -5.999999999999994
Q((12, 13, 1)): [-7. -8. -6.]
V((12, 13, 2)): -6.9999999999999725
Q((12, 13, 2)): [-7.         -8.         -8.99999999]
V((12, 13, 3)): -6.999999999999992
Q((12, 13, 3)): [-7.99999996 -7.         -8.99999996]
V((12, 14, 0)): -4.999999999999996
Q((12, 14, 0)): [-7. -6. -5.]
V((12, 14, 1)): -4.999999999999996
Q((12, 14, 1)): [-6. -7. -5.]
V((12, 14, 2)): -5.99999999999999
Q((12, 14, 2)): [-6.         -6.99999997 -8.        ]
V((12, 14, 3)): -5.999999999999994
Q((12, 14, 3)): [-6.99999999 -6.         -8.        ]
V((12, 15, 0)): -2.9999999999999982
Q((12, 15, 0)): [-5. -5. -3.]
V((12, 15, 1)): -3.9999999999999973
Q((12, 15, 1)): [-4. -6. -5.]
V((12, 15, 2)): -4.999999999999996
Q((12, 15, 2)): [-5. -5. -7.]
V((12, 15, 3)): -3.9999999999999973
Q((12, 15, 3)): [-6. -4. -7.]
V((13, 1, 0)): -19.999999999999932
Q((13, 1, 0)): [-21.99907536 -20.         -20.99995416]
V((13, 1, 1)): -18.99999999999994
Q((13, 1, 1)): [-20.99995619 -20.9993976  -19.        ]
V((13, 1, 2)): -19.999999419749493
Q((13, 1, 2)): [-19.99999942 -21.95984333 -21.99824872]
V((13, 1, 3)): -20.99998082509313
Q((13, 1, 3)): [-20.99998202 -20.99998083 -21.99902819]
V((13, 2, 0)): -16.999999999999954
Q((13, 2, 0)): [-19. -19. -17.]
V((13, 2, 1)): -17.999999999999947
Q((13, 2, 1)): [-18.         -19.99999968 -18.        ]
V((13, 2, 2)): -18.99999999968615
Q((13, 2, 2)): [-19.         -19.         -20.99998353]
V((13, 2, 3)): -17.999999999999947
Q((13, 2, 3)): [-19.9999999  -18.         -21.99991633]
V((13, 3, 0)): -15.999999999999961
Q((13, 3, 0)): [-18. -18. -16.]
V((13, 3, 1)): -16.999999999999954
Q((13, 3, 1)): [-17. -19. -17.]
V((13, 3, 2)): -17.999999999999947
Q((13, 3, 2)): [-18.        -18.        -19.9999991]
V((13, 3, 3)): -16.999999999999954
Q((13, 3, 3)): [-19. -17. -19.]
V((13, 4, 0)): -14.999999999999964
Q((13, 4, 0)): [-17. -17. -15.]
V((13, 4, 1)): -15.999999999999961
Q((13, 4, 1)): [-16. -18. -17.]
V((13, 4, 2)): -16.999999999999954
Q((13, 4, 2)): [-17. -17. -19.]
V((13, 4, 3)): -15.999999999999961
Q((13, 4, 3)): [-18. -16. -18.]
V((13, 6, 0)): -12.999999999999972
Q((13, 6, 0)): [-14.99997883 -13.         -13.        ]
V((13, 6, 1)): -11.999999999999975
Q((13, 6, 1)): [-13.99999293 -13.99999038 -12.        ]
V((13, 6, 2)): -12.999999999999634
Q((13, 6, 2)): [-13.         -14.99998222 -14.99887544]
V((13, 6, 3)): -13.999999058901185
Q((13, 6, 3)): [-13.99999906 -13.9999992  -14.99996831]
V((13, 7, 0)): -11.999999998617227
Q((13, 7, 0)): [-13.99990752 -12.         -12.        ]
V((13, 7, 1)): -10.999999999999979
Q((13, 7, 1)): [-12.99999999 -12.99999994 -11.        ]
V((13, 7, 2)): -11.999999999999975
Q((13, 7, 2)): [-12.         -13.99998906 -13.99984012]
V((13, 7, 3)): -12.999997446834328
Q((13, 7, 3)): [-12.99999783 -12.99999745 -14.99984606]
V((13, 8, 0)): -10.999999999982979
Q((13, 8, 0)): [-12.99992863 -11.         -11.        ]
V((13, 8, 1)): -9.999999999999982
Q((13, 8, 1)): [-12. -12. -10.]
V((13, 8, 2)): -10.999999999999979
Q((13, 8, 2)): [-11.         -12.99998686 -12.99999918]
V((13, 8, 3)): -11.999998603975053
Q((13, 8, 3)): [-11.99999893 -11.9999986  -13.99971635]
V((13, 9, 0)): -9.999999999987033
Q((13, 9, 0)): [-11.99999596 -10.         -10.        ]
V((13, 9, 1)): -8.999999999999986
Q((13, 9, 1)): [-11. -11.  -9.]
V((13, 9, 2)): -9.999999999999982
Q((13, 9, 2)): [-10.         -11.99999261 -11.99999865]
V((13, 9, 3)): -10.999999612871724
Q((13, 9, 3)): [-10.99999961 -10.9999997  -12.99991367]
V((13, 10, 0)): -7.99999999999999
Q((13, 10, 0)): [-10.  -9.  -8.]
V((13, 10, 1)): -7.99999999999999
Q((13, 10, 1)): [ -9. -10.  -8.]
V((13, 10, 2)): -8.999999999999986
Q((13, 10, 2)): [ -9.          -9.99999998 -10.99999921]
V((13, 10, 3)): -8.999999999998206
Q((13, 10, 3)): [ -9.99999976  -9.         -11.99990341]
V((13, 11, 0)): -6.999999999999992
Q((13, 11, 0)): [-9. -8. -7.]
V((13, 11, 1)): -6.999999999999992
Q((13, 11, 1)): [-8. -9. -7.]
V((13, 11, 2)): -7.99999999999999
Q((13, 11, 2)): [-8.         -8.99999999 -9.99999945]
V((13, 11, 3)): -7.999999999999987
Q((13, 11, 3)): [-8.99999999 -8.         -9.99999971]
V((13, 12, 0)): -5.999999999999994
Q((13, 12, 0)): [-8. -7. -6.]
V((13, 12, 1)): -5.999999999999994
Q((13, 12, 1)): [-7. -8. -6.]
V((13, 12, 2)): -6.999999999999992
Q((13, 12, 2)): [-7. -8. -9.]
V((13, 12, 3)): -6.999999999999992
Q((13, 12, 3)): [-7.99999939 -7.         -8.99999999]
V((13, 13, 0)): -4.999999999999996
Q((13, 13, 0)): [-7. -6. -5.]
V((13, 13, 1)): -4.999999999999996
Q((13, 13, 1)): [-6. -7. -5.]
V((13, 13, 2)): -5.999999999999994
Q((13, 13, 2)): [-6. -7. -8.]
V((13, 13, 3)): -5.999999999999994
Q((13, 13, 3)): [-6.99999999 -6.         -8.        ]
V((13, 14, 0)): -3.9999999999999973
Q((13, 14, 0)): [-6. -5. -4.]
V((13, 14, 1)): -3.9999999999999973
Q((13, 14, 1)): [-5. -6. -4.]
V((13, 14, 2)): -4.999999999999996
Q((13, 14, 2)): [-5. -6. -7.]
V((13, 14, 3)): -4.999999999999996
Q((13, 14, 3)): [-6. -5. -7.]
V((13, 15, 0)): -1.9999999999999993
Q((13, 15, 0)): [-4. -4. -2.]
V((13, 15, 1)): -2.9999999999999982
Q((13, 15, 1)): [-3. -5. -4.]
V((13, 15, 2)): -3.9999999999999973
Q((13, 15, 2)): [-4. -4. -6.]
V((13, 15, 3)): -2.9999999999999982
Q((13, 15, 3)): [-5. -3. -6.]
V((14, 2, 0)): -15.999999999999961
Q((14, 2, 0)): [-18. -16. -20.]
V((14, 2, 1)): -14.999999999999964
Q((14, 2, 1)): [-17. -17. -15.]
V((14, 2, 2)): -15.999999999999961
Q((14, 2, 2)): [-16.         -18.         -19.99999999]
V((14, 2, 3)): -16.999999999999954
Q((14, 2, 3)): [-17. -17. -18.]
V((14, 3, 0)): -14.999999999999964
Q((14, 3, 0)): [-17. -15. -19.]
V((14, 3, 1)): -13.999999999999968
Q((14, 3, 1)): [-16. -16. -14.]
V((14, 3, 2)): -14.999999999999964
Q((14, 3, 2)): [-15. -17. -19.]
V((14, 3, 3)): -15.999999999999961
Q((14, 3, 3)): [-16. -16. -18.]
V((14, 4, 0)): -13.999999999999968
Q((14, 4, 0)): [-16. -14. -18.]
V((14, 4, 1)): -12.999999999999972
Q((14, 4, 1)): [-15. -15. -13.]
V((14, 4, 2)): -13.999999999999968
Q((14, 4, 2)): [-14. -16. -18.]
V((14, 4, 3)): -14.999999999999964
Q((14, 4, 3)): [-15. -15. -17.]
V((14, 5, 0)): -12.999999999999972
Q((14, 5, 0)): [-15. -13. -17.]
V((14, 5, 1)): -11.999999999999975
Q((14, 5, 1)): [-14. -14. -12.]
V((14, 5, 2)): -12.999999999999972
Q((14, 5, 2)): [-13. -15. -14.]
V((14, 5, 3)): -13.999999999999968
Q((14, 5, 3)): [-14. -14. -16.]
V((14, 6, 0)): -11.999999999999975
Q((14, 6, 0)): [-14. -12. -16.]
V((14, 6, 1)): -10.999999999999979
Q((14, 6, 1)): [-13. -13. -11.]
V((14, 6, 2)): -11.999999999999975
Q((14, 6, 2)): [-12. -14. -14.]
V((14, 6, 3)): -12.999999999999972
Q((14, 6, 3)): [-13. -13. -15.]
V((14, 7, 0)): -10.999999999999979
Q((14, 7, 0)): [-13. -11. -15.]
V((14, 7, 1)): -9.999999999999982
Q((14, 7, 1)): [-12. -12. -10.]
V((14, 7, 2)): -10.999999999999979
Q((14, 7, 2)): [-11. -13. -13.]
V((14, 7, 3)): -11.999999999999975
Q((14, 7, 3)): [-12. -12. -14.]
V((14, 8, 0)): -9.999999999999982
Q((14, 8, 0)): [-12. -10. -14.]
V((14, 8, 1)): -8.999999999999986
Q((14, 8, 1)): [-11. -11.  -9.]
V((14, 8, 2)): -9.999999999999982
Q((14, 8, 2)): [-10. -12. -12.]
V((14, 8, 3)): -10.999999999999979
Q((14, 8, 3)): [-11. -11. -13.]
V((14, 9, 0)): -8.999999999999986
Q((14, 9, 0)): [-11.  -9. -10.]
V((14, 9, 1)): -7.99999999999999
Q((14, 9, 1)): [-10. -10.  -8.]
V((14, 9, 2)): -8.999999999999986
Q((14, 9, 2)): [ -9. -11. -11.]
V((14, 9, 3)): -9.999999999999975
Q((14, 9, 3)): [-10.         -10.         -11.99999996]
V((14, 10, 0)): -6.999999999999992
Q((14, 10, 0)): [-9. -8. -7.]
V((14, 10, 1)): -6.999999999999992
Q((14, 10, 1)): [-8. -9. -7.]
V((14, 10, 2)): -7.99999999999999
Q((14, 10, 2)): [ -8.  -9. -10.]
V((14, 10, 3)): -7.99999999999999
Q((14, 10, 3)): [ -9.          -8.         -10.99999999]
V((14, 11, 0)): -5.999999999999994
Q((14, 11, 0)): [-8. -7. -6.]
V((14, 11, 1)): -5.999999999999994
Q((14, 11, 1)): [-7. -8. -6.]
V((14, 11, 2)): -6.999999999999992
Q((14, 11, 2)): [-7. -8. -9.]
V((14, 11, 3)): -6.999999999999992
Q((14, 11, 3)): [-8. -7. -9.]
V((14, 12, 0)): -4.999999999999996
Q((14, 12, 0)): [-7. -6. -5.]
V((14, 12, 1)): -4.999999999999996
Q((14, 12, 1)): [-6. -7. -5.]
V((14, 12, 2)): -5.999999999999994
Q((14, 12, 2)): [-6. -7. -8.]
V((14, 12, 3)): -5.999999999999994
Q((14, 12, 3)): [-7. -6. -8.]
V((14, 13, 0)): -3.9999999999999973
Q((14, 13, 0)): [-6. -5. -4.]
V((14, 13, 1)): -3.9999999999999973
Q((14, 13, 1)): [-5. -6. -4.]
V((14, 13, 2)): -4.999999999999996
Q((14, 13, 2)): [-5. -6. -7.]
V((14, 13, 3)): -4.999999999999996
Q((14, 13, 3)): [-6. -5. -7.]
V((14, 14, 0)): -2.9999999999999982
Q((14, 14, 0)): [-5. -4. -3.]
V((14, 14, 1)): -2.9999999999999982
Q((14, 14, 1)): [-4. -5. -3.]
V((14, 14, 2)): -3.9999999999999973
Q((14, 14, 2)): [-4. -5. -6.]
V((14, 14, 3)): -3.9999999999999973
Q((14, 14, 3)): [-5. -4. -6.]
V((14, 15, 0)): -0.9999999999999998
Q((14, 15, 0)): [-3. -3. -1.]
V((14, 15, 1)): -1.9999999999999993
Q((14, 15, 1)): [-2. -4. -3.]
V((14, 15, 2)): -2.9999999999999982
Q((14, 15, 2)): [-3. -3. -5.]
V((14, 15, 3)): -1.9999999999999993
Q((14, 15, 3)): [-4. -2. -5.]
V((15, 1, 0)): -19.999290095530885
Q((15, 1, 0)): [-21.94261957 -19.9992901  -20.98250952]
V((15, 1, 1)): -18.999967178055364
Q((15, 1, 1)): [-20.94183925 -20.98940634 -18.99996718]
V((15, 1, 2)): -19.99923018077779
Q((15, 1, 2)): [-19.99923018 -21.96047633 -20.97763433]
V((15, 1, 3)): -20.996128960079105
Q((15, 1, 3)): [-20.99612896 -20.9965172  -21.95497544]
V((15, 2, 0)): -18.999999999997062
Q((15, 2, 0)): [-19.         -19.         -19.99999909]
V((15, 2, 1)): -17.999999999998675
Q((15, 2, 1)): [-19.99998975 -18.         -18.        ]
V((15, 2, 2)): -16.999999999999954
Q((15, 2, 2)): [-18.99991325 -18.99997909 -17.        ]
V((15, 2, 3)): -17.999999999999936
Q((15, 2, 3)): [-18.         -19.99990384 -21.99206472]
V((15, 3, 0)): -17.99999999999935
Q((15, 3, 0)): [-18.         -18.         -18.99999999]
V((15, 3, 1)): -16.999999999999954
Q((15, 3, 1)): [-19. -17. -17.]
V((15, 3, 2)): -15.999999999999961
Q((15, 3, 2)): [-17.99999885 -17.99999983 -16.        ]
V((15, 3, 3)): -16.999999999999954
Q((15, 3, 3)): [-17.         -18.99999075 -18.99999986]
V((15, 4, 0)): -16.999999999999954
Q((15, 4, 0)): [-17. -17. -18.]
V((15, 4, 1)): -15.999999999999961
Q((15, 4, 1)): [-18. -16. -16.]
V((15, 4, 2)): -14.999999999999964
Q((15, 4, 2)): [-17. -17. -15.]
V((15, 4, 3)): -15.999999999999961
Q((15, 4, 3)): [-16.         -17.99999999 -17.99999999]
V((15, 5, 0)): -15.999999999999904
Q((15, 5, 0)): [-16. -16. -17.]
V((15, 5, 1)): -14.999999999999964
Q((15, 5, 1)): [-17. -15. -15.]
V((15, 5, 2)): -13.999999999999968
Q((15, 5, 2)): [-16.         -15.99999999 -14.        ]
V((15, 5, 3)): -14.999999999999964
Q((15, 5, 3)): [-15.         -16.99999987 -16.99999995]
V((15, 6, 0)): -14.999999999999945
Q((15, 6, 0)): [-15. -15. -16.]
V((15, 6, 1)): -13.999999999999968
Q((15, 6, 1)): [-16. -14. -14.]
V((15, 6, 2)): -12.999999999999972
Q((15, 6, 2)): [-14.99999906 -15.         -13.        ]
V((15, 6, 3)): -13.999999999999968
Q((15, 6, 3)): [-14.         -15.99999984 -16.        ]
V((15, 7, 0)): -13.999999999999945
Q((15, 7, 0)): [-14.         -14.         -14.99999997]
V((15, 7, 1)): -12.999999999999972
Q((15, 7, 1)): [-15. -13. -13.]
V((15, 7, 2)): -11.999999999999975
Q((15, 7, 2)): [-13.99999989 -13.99999995 -12.        ]
V((15, 7, 3)): -12.999999999999972
Q((15, 7, 3)): [-13.         -14.99999924 -14.99999982]
V((15, 8, 0)): -12.999999999992067
Q((15, 8, 0)): [-13.         -13.         -13.99999997]
V((15, 8, 1)): -11.999999999999975
Q((15, 8, 1)): [-13.99999997 -12.         -13.        ]
V((15, 8, 2)): -10.999999999999979
Q((15, 8, 2)): [-13.         -12.99999986 -11.        ]
V((15, 8, 3)): -11.999999999999886
Q((15, 8, 3)): [-12.         -13.99998961 -13.99999359]
V((15, 10, 0)): -5.999999999999994
Q((15, 10, 0)): [-8. -6. -7.]
V((15, 10, 1)): -4.999999999999996
Q((15, 10, 1)): [-7. -7. -5.]
V((15, 10, 2)): -5.999999999999994
Q((15, 10, 2)): [-6. -8. -9.]
V((15, 10, 3)): -6.999999999999992
Q((15, 10, 3)): [-7. -7. -8.]
V((15, 11, 0)): -4.999999999999996
Q((15, 11, 0)): [-7. -5. -6.]
V((15, 11, 1)): -3.9999999999999973
Q((15, 11, 1)): [-6. -6. -4.]
V((15, 11, 2)): -4.999999999999996
Q((15, 11, 2)): [-5. -7. -8.]
V((15, 11, 3)): -5.999999999999994
Q((15, 11, 3)): [-6. -6. -8.]
V((15, 12, 0)): -3.9999999999999973
Q((15, 12, 0)): [-6. -4. -5.]
V((15, 12, 1)): -2.9999999999999982
Q((15, 12, 1)): [-5. -5. -3.]
V((15, 12, 2)): -3.9999999999999973
Q((15, 12, 2)): [-4. -6. -7.]
V((15, 12, 3)): -4.999999999999996
Q((15, 12, 3)): [-5. -5. -7.]
V((15, 13, 0)): -2.9999999999999982
Q((15, 13, 0)): [-5. -3. -4.]
V((15, 13, 1)): -1.9999999999999993
Q((15, 13, 1)): [-4. -4. -2.]
V((15, 13, 2)): -2.9999999999999982
Q((15, 13, 2)): [-3. -5. -6.]
V((15, 13, 3)): -3.9999999999999973
Q((15, 13, 3)): [-4. -4. -6.]
V((15, 14, 0)): -1.9999999999999993
Q((15, 14, 0)): [-4. -2. -3.]
V((15, 14, 1)): -0.9999999999999998
Q((15, 14, 1)): [-3. -3. -1.]
V((15, 14, 2)): -1.9999999999999993
Q((15, 14, 2)): [-2. -4. -5.]
V((15, 14, 3)): -2.9999999999999982
Q((15, 14, 3)): [-3. -3. -5.]
V((15, 15, 0)): 0.0
Q((15, 15, 0)): [0. 0. 0.]
V((15, 15, 1)): 0.0
Q((15, 15, 1)): [0. 0. 0.]
V((15, 15, 2)): 0.0
Q((15, 15, 2)): [0. 0. 0.]
V((15, 15, 3)): 0.0
Q((15, 15, 3)): [0. 0. 0.]
