V((1, 1, 0)): -37.66701506793376
Q((1, 1, 0)): [-37.66701507 -40.61810048 -39.48248879]
V((1, 1, 1)): -37.66701506793377
Q((1, 1, 1)): [-37.66701507 -40.61810048 -39.48248879]
V((1, 1, 2)): -39.48425472328488
Q((1, 1, 2)): [-39.48425472 -40.63296927 -40.63296927]
V((1, 1, 3)): -39.48425472328487
Q((1, 1, 3)): [-39.48425472 -40.63296927 -40.63296927]
V((1, 2, 0)): -35.6905609075178
Q((1, 2, 0)): [-35.69056091 -38.77711296 -37.56047649]
V((1, 2, 1)): -35.72219524598047
Q((1, 2, 1)): [-35.72219525 -38.66193459 -37.5130864 ]
V((1, 2, 2)): -37.550995955480076
Q((1, 2, 2)): [-37.55099596 -38.7713131  -38.73977043]
V((1, 2, 3)): -37.625255615170246
Q((1, 2, 3)): [-37.62525562 -40.5627213  -39.3872661 ]
V((1, 3, 0)): -33.70293937590182
Q((1, 3, 0)): [-33.70293938 -36.82938432 -35.61598031]
V((1, 3, 1)): -33.7817141795705
Q((1, 3, 1)): [-33.78171418 -36.68198412 -35.5313969 ]
V((1, 3, 2)): -35.60531656221006
Q((1, 3, 2)): [-35.60531656 -36.79255936 -36.77581683]
V((1, 3, 3)): -35.645395556763674
Q((1, 3, 3)): [-35.64539556 -38.72361977 -37.4641471 ]
V((1, 4, 0)): -31.717489215213355
Q((1, 4, 0)): [-31.71748922 -34.88426571 -33.67855442]
V((1, 4, 1)): -31.848535920707082
Q((1, 4, 1)): [-31.84853592 -34.70317335 -33.55342919]
V((1, 4, 2)): -33.66577680561842
Q((1, 4, 2)): [-33.66577681 -34.8144986  -34.8144955 ]
V((1, 4, 3)): -33.66578437309382
Q((1, 4, 3)): [-33.66578437 -36.7730494  -35.51838582]
V((1, 5, 0)): -29.734666960407722
Q((1, 5, 0)): [-29.73466696 -32.94453082 -31.75008074]
V((1, 5, 1)): -29.92394410919625
Q((1, 5, 1)): [-29.92394411 -32.72577777 -31.58026934]
V((1, 5, 2)): -31.733740222285736
Q((1, 5, 2)): [-31.73374022 -32.83990624 -32.85774002]
V((1, 5, 3)): -31.689107482146238
Q((1, 5, 3)): [-31.68910748 -34.82517039 -33.57958206]
V((1, 6, 0)): -27.754723570169922
Q((1, 6, 0)): [-27.75472357 -31.01090196 -29.83229979]
V((1, 6, 1)): -28.009556741522562
Q((1, 6, 1)): [-28.00955674 -30.74941993 -29.61305175]
V((1, 6, 2)): -29.810507987486865
Q((1, 6, 2)): [-29.81050799 -30.86935147 -30.90616054]
V((1, 6, 3)): -29.715706500416417
Q((1, 6, 3)): [-29.7157065  -32.88290402 -31.64963785]
V((1, 7, 0)): -25.777944841914753
Q((1, 7, 0)): [-25.77794484 -29.08420757 -27.92752229]
V((1, 7, 1)): -26.107530202072233
Q((1, 7, 1)): [-26.1075302  -28.77341182 -27.65344739]
V((1, 7, 2)): -27.897767292114306
Q((1, 7, 2)): [-27.89776729 -28.90354156 -28.96047199]
V((1, 7, 3)): -27.74592830123524
Q((1, 7, 3)): [-27.7459283  -30.94706268 -29.7303325 ]
V((1, 8, 0)): -23.804664648109807
Q((1, 8, 0)): [-23.80466465 -27.16547018 -26.03893267]
V((1, 8, 1)): -24.22083435040883
Q((1, 8, 1)): [-24.22083435 -26.79654876 -25.70407157]
V((1, 8, 2)): -25.99777793834433
Q((1, 8, 2)): [-25.99777794 -26.94347738 -27.02156997]
V((1, 8, 3)): -25.78018135718635
Q((1, 8, 3)): [-25.78018136 -29.01859804 -27.82404872]
V((1, 9, 0)): -21.835276709692558
Q((1, 9, 0)): [-21.83527671 -25.25597681 -24.17109603]
V((1, 9, 1)): -22.353728108024203
Q((1, 9, 1)): [-22.35372811 -24.81671907 -23.76931   ]
V((1, 9, 2)): -24.113669914536455
Q((1, 9, 2)): [-24.11366991 -24.99067245 -25.09061228]
V((1, 9, 3)): -23.81895290006563
Q((1, 9, 3)): [-23.8189529  -27.09870723 -25.93410304]
V((1, 10, 0)): -18.582308386214685
Q((1, 10, 0)): [-18.58230839 -22.4918834  -22.3810136 ]
V((1, 10, 1)): -20.512644373689294
Q((1, 10, 1)): [-20.51264437 -22.99290444 -22.20244667]
V((1, 10, 2)): -21.84816932783441
Q((1, 10, 2)): [-21.84816933 -22.24042174 -22.27078249]
V((1, 10, 3)): -20.63835734723465
Q((1, 10, 3)): [-20.63835735 -25.52730086 -23.81351971]
V((2, 1, 0)): -35.72219524598047
Q((2, 1, 0)): [-35.72219525 -38.66193459 -37.5130864 ]
V((2, 1, 1)): -35.6905609075178
Q((2, 1, 1)): [-35.69056091 -38.77711296 -37.56047649]
V((2, 1, 2)): -37.62525561517025
Q((2, 1, 2)): [-37.62525562 -40.5627213  -39.3872661 ]
V((2, 1, 3)): -37.55099595548007
Q((2, 1, 3)): [-37.55099596 -38.73977043 -38.7713131 ]
V((2, 2, 0)): -33.73873737336057
Q((2, 2, 0)): [-33.73873737 -36.81371428 -35.58382809]
V((2, 2, 1)): -33.73873737336058
Q((2, 2, 1)): [-33.73873737 -36.81371428 -35.58382809]
V((2, 2, 2)): -35.68466960586107
Q((2, 2, 2)): [-35.68466961 -38.6831033  -37.51161177]
V((2, 2, 3)): -35.68466960586106
Q((2, 2, 3)): [-35.68466961 -38.6831033  -37.51161177]
V((2, 3, 0)): -31.74464254140967
Q((2, 3, 0)): [-31.74464254 -34.85939228 -33.63159939]
V((2, 3, 1)): -31.7911156189006
Q((2, 3, 1)): [-31.79111562 -34.82760629 -33.59566962]
V((2, 3, 2)): -33.73219759886982
Q((2, 3, 2)): [-33.7321976 -36.7125609 -35.5312568]
V((2, 3, 3)): -33.69787587945264
Q((2, 3, 3)): [-33.69787588 -36.83645877 -35.58159392]
V((2, 4, 0)): -29.752455682433165
Q((2, 4, 0)): [-29.75245568 -32.90742939 -31.68602385]
V((2, 4, 1)): -29.850400790636165
Q((2, 4, 1)): [-29.85040079 -32.84243492 -31.61092577]
V((2, 4, 2)): -31.785536010526023
Q((2, 4, 2)): [-31.78553601 -34.74312593 -33.55244399]
V((2, 4, 3)): -31.71106721041797
Q((2, 4, 3)): [-31.71106721 -34.87747197 -33.62986927]
V((2, 5, 0)): -27.762581721057625
Q((2, 5, 0)): [-27.76258172 -30.96050274 -29.74889176]
V((2, 5, 1)): -27.91778743902431
Q((2, 5, 1)): [-27.91778744 -30.85842494 -29.63059314]
V((2, 5, 2)): -29.84596076164646
Q((2, 5, 2)): [-29.84596076 -32.77677072 -31.57790971]
V((2, 5, 3)): -29.7268443694877
Q((2, 5, 3)): [-29.72684437 -32.92070993 -31.6847683 ]
V((2, 6, 0)): -25.775229490164815
Q((2, 6, 0)): [-25.77522949 -29.01926899 -27.8218223 ]
V((2, 6, 1)): -25.994775505680224
Q((2, 6, 1)): [-25.99477551 -28.87517898 -27.65570777]
V((2, 6, 2)): -27.914681183728685
Q((2, 6, 2)): [-27.91468118 -30.81368165 -29.60852673]
V((2, 6, 3)): -27.745498693318154
Q((2, 6, 3)): [-27.74549869 -30.96898799 -29.74807402]
V((2, 7, 0)): -23.79063431907228
Q((2, 7, 0)): [-23.79063432 -27.08447305 -25.9069509 ]
V((2, 7, 1)): -24.08335128568603
Q((2, 7, 1)): [-24.08335129 -26.89199656 -25.68778744]
V((2, 7, 2)): -25.99325672585943
Q((2, 7, 2)): [-25.99325673 -28.85395949 -27.64546043]
V((2, 7, 3)): -25.767317304006085
Q((2, 7, 3)): [-25.7673173  -29.02300885 -27.82143838]
V((2, 8, 0)): -21.809068474638906
Q((2, 8, 0)): [-21.80906847 -25.15702663 -24.00719658]
V((2, 8, 1)): -22.1862281545637
Q((2, 8, 1)): [-22.18622815 -24.90767797 -23.72918719]
V((2, 8, 2)): -24.083761700276895
Q((2, 8, 2)): [-24.0837617  -26.89759141 -25.69041273]
V((2, 8, 3)): -23.79263482561425
Q((2, 8, 3)): [-23.79263483 -27.08358179 -25.90705592]
V((2, 9, 0)): -19.830849577044066
Q((2, 9, 0)): [-19.83084958 -23.23806625 -22.12669973]
V((2, 9, 1)): -20.307256298170337
Q((2, 9, 1)): [-20.3072563  -22.92015462 -21.7838044 ]
V((2, 9, 2)): -22.189044029856852
Q((2, 9, 2)): [-22.18904403 -24.94433233 -23.74601152]
V((2, 9, 3)): -21.821845922788835
Q((2, 9, 3)): [-21.82184592 -25.15171321 -24.00795096]
V((2, 10, 0)): -16.517753667327568
Q((2, 10, 0)): [-16.51775367 -20.43251702 -20.32131757]
V((2, 10, 1)): -18.452169961983316
Q((2, 10, 1)): [-18.45216996 -21.04418732 -20.17390459]
V((2, 10, 2)): -19.901012922749462
Q((2, 10, 2)): [-19.90101292 -21.5590623  -21.41269367]
V((2, 10, 3)): -18.578195914995405
Q((2, 10, 3)): [-18.57819591 -23.56393814 -21.87211471]
V((3, 1, 0)): -33.7817141795705
Q((3, 1, 0)): [-33.78171418 -36.68198412 -35.5313969 ]
V((3, 1, 1)): -33.70293937590182
Q((3, 1, 1)): [-33.70293938 -36.82938432 -35.61598031]
V((3, 1, 2)): -35.645395556763674
Q((3, 1, 2)): [-35.64539556 -38.72361977 -37.4641471 ]
V((3, 1, 3)): -35.60531656221005
Q((3, 1, 3)): [-35.60531656 -36.77581683 -36.79255936]
V((3, 2, 0)): -31.791115618900594
Q((3, 2, 0)): [-31.79111562 -34.82760629 -33.59566962]
V((3, 2, 1)): -31.74464254140967
Q((3, 2, 1)): [-31.74464254 -34.85939228 -33.63159939]
V((3, 2, 2)): -33.697875879452646
Q((3, 2, 2)): [-33.69787588 -36.83645877 -35.58159392]
V((3, 2, 3)): -33.73219759886982
Q((3, 2, 3)): [-33.7321976 -36.7125609 -35.5312568]
V((3, 3, 0)): -29.79041841645005
Q((3, 3, 0)): [-29.79041842 -32.86791902 -31.63609952]
V((3, 3, 1)): -29.790418416450056
Q((3, 3, 1)): [-29.79041842 -32.86791902 -31.63609952]
V((3, 3, 2)): -31.73898063111733
Q((3, 3, 2)): [-31.73898063 -34.85928226 -33.5945991 ]
V((3, 3, 3)): -31.73898063111732
Q((3, 3, 3)): [-31.73898063 -34.85928226 -33.5945991 ]
V((3, 4, 0)): -27.791362428300143
Q((3, 4, 0)): [-27.79136243 -30.91039145 -29.68281436]
V((3, 4, 1)): -27.84274315368346
Q((3, 4, 1)): [-27.84274315 -30.87728054 -29.64359012]
V((3, 4, 2)): -29.785592560041163
Q((3, 4, 2)): [-29.78559256 -32.88295584 -31.60886396]
V((3, 4, 3)): -29.745511647178326
Q((3, 4, 3)): [-29.74551165 -32.8945555  -31.63567503]
V((3, 5, 0)): -25.79430260459909
Q((3, 5, 0)): [-25.7943026  -28.95761207 -27.73753335]
V((3, 5, 1)): -25.90273225559576
Q((3, 5, 1)): [-25.90273226 -28.88767681 -27.65495918]
V((3, 5, 2)): -27.838907896928884
Q((3, 5, 2)): [-27.8389079  -30.90936383 -29.62703535]
V((3, 5, 3)): -27.75431649406861
Q((3, 5, 3)): [-27.75431649 -30.93184324 -29.68298711]
V((3, 6, 0)): -23.799407902774462
Q((3, 6, 0)): [-23.7994079  -27.01018063 -25.8017717 ]
V((3, 6, 1)): -23.971781382374573
Q((3, 6, 1)): [-23.97178138 -26.89872705 -25.67111125]
V((3, 6, 2)): -25.900053238849974
Q((3, 6, 2)): [-25.90005324 -28.9386391  -27.64991225]
V((3, 6, 3)): -25.76564384854857
Q((3, 6, 3)): [-25.76564385 -28.97386735 -27.73823512]
V((3, 7, 0)): -21.806866447102575
Q((3, 7, 0)): [-21.80686645 -25.06876978 -23.87751465]
V((3, 7, 1)): -22.05172768545118
Q((3, 7, 1)): [-22.05172769 -24.90977044 -23.69336653]
V((3, 7, 2)): -23.97047369423251
Q((3, 7, 2)): [-23.97047369 -26.9708191  -25.67855618]
V((3, 7, 3)): -23.7797307938531
Q((3, 7, 3)): [-23.77973079 -27.02127064 -25.80295702]
V((3, 8, 0)): -19.81689363088392
Q((3, 8, 0)): [-19.81689363 -23.13419578 -21.96745481]
V((3, 8, 1)): -20.145061829204003
Q((3, 8, 1)): [-20.14506183 -22.91968972 -21.72376124]
V((3, 8, 2)): -22.0520789095877
Q((3, 8, 2)): [-22.05207891 -25.00581522 -23.71451096]
V((3, 8, 3)): -21.796850896091843
Q((3, 8, 3)): [-21.7968509  -25.07478521 -23.87918207]
V((3, 9, 0)): -17.8297378425587
Q((3, 9, 0)): [-17.82973784 -21.20746625 -20.07537329]
V((3, 9, 1)): -18.255283693184666
Q((3, 9, 1)): [-18.25528369 -20.92658109 -19.76563293]
V((3, 9, 2)): -20.147469107049236
Q((3, 9, 2)): [-20.14746911 -23.04329438 -21.76014339]
V((3, 9, 3)): -19.817323384477188
Q((3, 9, 3)): [-19.81732338 -23.13531353 -21.96968352]
V((3, 10, 0)): -14.453052828616807
Q((3, 10, 0)): [-14.45305283 -18.36818816 -18.2567398 ]
V((3, 10, 1)): -16.387539292548094
Q((3, 10, 1)): [-16.38753929 -18.98159241 -18.10984244]
V((3, 10, 2)): -17.83845212032888
Q((3, 10, 2)): [-17.83845212 -19.56582003 -19.41180401]
V((3, 10, 3)): -16.51384443042725
Q((3, 10, 3)): [-16.51384443 -21.55971552 -19.81394465]
V((4, 1, 0)): -31.84853592070708
Q((4, 1, 0)): [-31.84853592 -34.70317335 -33.55342919]
V((4, 1, 1)): -31.717489215213348
Q((4, 1, 1)): [-31.71748922 -34.88426571 -33.67855442]
V((4, 1, 2)): -33.66578437309381
Q((4, 1, 2)): [-33.66578437 -36.7730494  -35.51838582]
V((4, 1, 3)): -33.66577680561842
Q((4, 1, 3)): [-33.66577681 -34.8144955  -34.8144986 ]
V((4, 2, 0)): -29.850400790636165
Q((4, 2, 0)): [-29.85040079 -32.84243492 -31.61092577]
V((4, 2, 1)): -29.75245568243315
Q((4, 2, 1)): [-29.75245568 -32.90742939 -31.68602385]
V((4, 2, 2)): -31.711067210417962
Q((4, 2, 2)): [-31.71106721 -34.87747197 -33.62986927]
V((4, 2, 3)): -31.785536010526016
Q((4, 2, 3)): [-31.78553601 -34.74312593 -33.55244399]
V((4, 3, 0)): -27.842743153683443
Q((4, 3, 0)): [-27.84274315 -30.87728054 -29.64359012]
V((4, 3, 1)): -27.79136242830014
Q((4, 3, 1)): [-27.79136243 -30.91039145 -29.68281436]
V((4, 3, 2)): -29.74551164717831
Q((4, 3, 2)): [-29.74551165 -32.8945555  -31.63567503]
V((4, 3, 3)): -29.785592560041156
Q((4, 3, 3)): [-29.78559256 -32.88295584 -31.60886396]
V((4, 4, 0)): -25.836458052716164
Q((4, 4, 0)): [-25.83645805 -28.91409258 -27.68217047]
V((4, 4, 1)): -25.836458052716164
Q((4, 4, 1)): [-25.83645805 -28.91409258 -27.68217047]
V((4, 4, 2)): -27.78515983754123
Q((4, 4, 2)): [-27.78515984 -30.91236898 -29.64236889]
V((4, 4, 3)): -27.785159837541226
Q((4, 4, 3)): [-27.78515984 -30.91236898 -29.64236889]
V((4, 5, 0)): -23.831851864446012
Q((4, 5, 0)): [-23.83185186 -26.95536921 -25.72831823]
V((4, 5, 1)): -23.88877995433491
Q((4, 5, 1)): [-23.88877995 -26.91870991 -25.6848746 ]
V((4, 5, 2)): -25.831129025631377
Q((4, 5, 2)): [-25.83112903 -28.93270392 -27.65252038]
V((4, 5, 3)): -25.78668918053553
Q((4, 5, 3)): [-25.78668918 -28.94359458 -27.68172066]
V((4, 6, 0)): -21.829056329887422
Q((4, 6, 0)): [-21.82905633 -25.00165428 -23.78344719]
V((4, 6, 1)): -21.949621255807493
Q((4, 6, 1)): [-21.94962126 -24.92388221 -23.6917061 ]
V((4, 6, 2)): -23.884464763300336
Q((4, 6, 2)): [-23.88446476 -26.95567471 -25.66683663]
V((4, 6, 3)): -23.79038904004755
Q((4, 6, 3)): [-23.79038904 -26.97925951 -25.72853918]
V((4, 7, 0)): -19.828216104760404
Q((4, 7, 0)): [-19.8282161  -23.05355011 -21.84939688]
V((4, 7, 1)): -20.02067349672391
Q((4, 7, 1)): [-20.0206735  -22.92899217 -21.70379902]
V((4, 7, 2)): -21.946500848914997
Q((4, 7, 2)): [-21.94650085 -24.98130551 -23.68625007]
V((4, 7, 3)): -21.79644996800856
Q((4, 7, 3)): [-21.79644997 -25.0199487  -23.78425199]
V((4, 8, 0)): -17.829494946314185
Q((4, 8, 0)): [-17.82949495 -21.1117809  -19.92864182]
V((4, 8, 1)): -18.104211944174008
Q((4, 8, 1)): [-18.10421194 -20.93300944 -19.72289305]
V((4, 8, 2)): -20.018987907689546
Q((4, 8, 2)): [-20.01898791 -23.0095043  -21.71211136]
V((4, 8, 3)): -19.805089480816708
Q((4, 8, 3)): [-19.80508948 -23.06632038 -21.85072927]
V((4, 9, 0)): -15.833079366978556
Q((4, 9, 0)): [-15.83307937 -19.17723144 -18.02462075]
V((4, 9, 1)): -16.203401902047048
Q((4, 9, 1)): [-16.2034019  -18.93419969 -17.75181364]
V((4, 9, 2)): -18.10428945008485
Q((4, 9, 2)): [-18.10428945 -21.03995856 -19.74647758]
V((4, 9, 3)): -17.816558552086384
Q((4, 9, 3)): [-17.81655855 -21.11917845 -19.93050496]
V((4, 10, 0)): -12.388345058655164
Q((4, 10, 0)): [-12.38834506 -16.30377528 -16.1920788 ]
V((4, 10, 1)): -14.322837011425685
Q((4, 10, 1)): [-14.32283701 -16.91704954 -16.04518466]
V((4, 10, 2)): -15.77391193701095
Q((4, 10, 2)): [-15.77391194 -17.5026521  -17.34817146]
V((4, 10, 3)): -14.44942134430848
Q((4, 10, 3)): [-14.44942134 -19.55861232 -17.75391915]
V((5, 1, 0)): -29.923944109196245
Q((5, 1, 0)): [-29.92394411 -32.72577777 -31.58026934]
V((5, 1, 1)): -29.734666960407722
Q((5, 1, 1)): [-29.73466696 -32.94453082 -31.75008074]
V((5, 1, 2)): -31.689107482146238
Q((5, 1, 2)): [-31.68910748 -34.82517039 -33.57958206]
V((5, 1, 3)): -31.733740222285736
Q((5, 1, 3)): [-31.73374022 -32.85774002 -32.83990624]
V((5, 2, 0)): -27.91778743902431
Q((5, 2, 0)): [-27.91778744 -30.85842494 -29.63059314]
V((5, 2, 1)): -27.762581721057625
Q((5, 2, 1)): [-27.76258172 -30.96050274 -29.74889176]
V((5, 2, 2)): -29.7268443694877
Q((5, 2, 2)): [-29.72684437 -32.92070993 -31.6847683 ]
V((5, 2, 3)): -29.84596076164646
Q((5, 2, 3)): [-29.84596076 -32.77677072 -31.57790971]
V((5, 3, 0)): -25.90273225559576
Q((5, 3, 0)): [-25.90273226 -28.88767681 -27.65495918]
V((5, 3, 1)): -25.794302604599093
Q((5, 3, 1)): [-25.7943026  -28.95761207 -27.73753335]
V((5, 3, 2)): -27.754316494068622
Q((5, 3, 2)): [-27.75431649 -30.93184324 -29.68298711]
V((5, 3, 3)): -27.83890789692888
Q((5, 3, 3)): [-27.8389079  -30.90936383 -29.62703535]
V((5, 4, 0)): -23.88877995433491
Q((5, 4, 0)): [-23.88877995 -26.91870991 -25.6848746 ]
V((5, 4, 1)): -23.83185186444602
Q((5, 4, 1)): [-23.83185186 -26.95536921 -25.72831823]
V((5, 4, 2)): -25.786689180535532
Q((5, 4, 2)): [-25.78668918 -28.94359458 -27.68172066]
V((5, 4, 3)): -25.83112902563138
Q((5, 4, 3)): [-25.83112903 -28.93270392 -27.65252038]
V((5, 5, 0)): -21.87618999281987
Q((5, 5, 0)): [-21.87618999 -24.95392953 -23.72192697]
V((5, 5, 1)): -21.876189992819874
Q((5, 5, 1)): [-21.87618999 -24.95392953 -23.72192697]
V((5, 5, 2)): -23.825001211955577
Q((5, 5, 2)): [-23.82500121 -26.95766047 -25.68346271]
V((5, 5, 3)): -23.825001211955577
Q((5, 5, 3)): [-23.82500121 -26.95766047 -25.68346271]
V((5, 6, 0)): -19.865059993704538
Q((5, 6, 0)): [-19.86505999 -22.99382446 -21.76743195]
V((5, 6, 1)): -19.92850967136944
Q((5, 6, 1)): [-19.92850967 -22.95295344 -21.71902146]
V((5, 6, 2)): -21.870218772567934
Q((5, 6, 2)): [-21.87021877 -24.97413941 -23.68883232]
V((5, 6, 3)): -21.820695382150323
Q((5, 6, 3)): [-21.82069538 -24.98676317 -23.72140556]
V((5, 7, 0)): -17.8554953582804
Q((5, 7, 0)): [-17.85549536 -21.03892839 -19.8230886 ]
V((5, 7, 1)): -17.990360840038804
Q((5, 7, 1)): [-17.99036084 -20.95186931 -19.72056283]
V((5, 7, 2)): -19.92356734542559
Q((5, 7, 2)): [-19.92356735 -22.99304563 -21.69863921]
V((5, 7, 3)): -19.818359359714854
Q((5, 7, 3)): [-19.81835936 -23.02054042 -21.76766976]
V((5, 8, 0)): -15.84761392880239
Q((5, 8, 0)): [-15.84761393 -19.08987666 -17.8911626 ]
V((5, 8, 1)): -16.063811314708502
Q((5, 8, 1)): [-16.06381131 -18.94973551 -17.72801868]
V((5, 8, 2)): -17.98664406682767
Q((5, 8, 2)): [-17.98664407 -21.01428788 -19.71405219]
V((5, 8, 3)): -17.818159901448634
Q((5, 8, 3)): [-17.8181599  -21.05957904 -19.82397264]
V((5, 9, 0)): -13.841548124201278
Q((5, 9, 0)): [-13.84154812 -17.14743703 -15.97476819]
V((5, 9, 1)): -14.151708260095836
Q((5, 9, 1)): [-14.15170826 -16.94498719 -15.74375214]
V((5, 9, 2)): -16.06158638913169
Q((5, 9, 2)): [-16.06158639 -19.03757871 -17.73684036]
V((5, 9, 3)): -15.820287109294485
Q((5, 9, 3)): [-15.82028711 -19.10458866 -17.89262029]
V((5, 10, 0)): -10.323632589558319
Q((5, 10, 0)): [-10.32363259 -14.23935708 -14.12741196]
V((5, 10, 1)): -12.258128998268077
Q((5, 10, 1)): [-12.258129   -14.85247097 -13.98051277]
V((5, 10, 2)): -13.709335537772173
Q((5, 10, 2)): [-13.70933554 -15.43828902 -15.28346643]
V((5, 10, 3)): -12.384993118504937
Q((5, 10, 3)): [-12.38499312 -17.56188731 -15.69402888]
V((6, 1, 0)): -28.009556741522566
Q((6, 1, 0)): [-28.00955674 -30.74941993 -29.61305175]
V((6, 1, 1)): -27.754723570169922
Q((6, 1, 1)): [-27.75472357 -31.01090196 -29.83229979]
V((6, 1, 2)): -29.715706500416417
Q((6, 1, 2)): [-29.7157065  -32.88290402 -31.64963785]
V((6, 1, 3)): -29.810507987486865
Q((6, 1, 3)): [-29.81050799 -30.90616054 -30.86935147]
V((6, 2, 0)): -25.99477550568022
Q((6, 2, 0)): [-25.99477551 -28.87517898 -27.65570777]
V((6, 2, 1)): -25.77522949016481
Q((6, 2, 1)): [-25.77522949 -29.01926899 -27.8218223 ]
V((6, 2, 2)): -27.745498693318147
Q((6, 2, 2)): [-27.74549869 -30.96898799 -29.74807402]
V((6, 2, 3)): -27.914681183728685
Q((6, 2, 3)): [-27.91468118 -30.81368165 -29.60852673]
V((6, 3, 0)): -23.971781382374573
Q((6, 3, 0)): [-23.97178138 -26.89872705 -25.67111125]
V((6, 3, 1)): -23.799407902774465
Q((6, 3, 1)): [-23.7994079  -27.01018063 -25.8017717 ]
V((6, 3, 2)): -25.765643848548564
Q((6, 3, 2)): [-25.76564385 -28.97386735 -27.73823512]
V((6, 3, 3)): -25.900053238849967
Q((6, 3, 3)): [-25.90005324 -28.9386391  -27.64991225]
V((6, 4, 0)): -21.94962125580749
Q((6, 4, 0)): [-21.94962126 -24.92388221 -23.6917061 ]
V((6, 4, 1)): -21.829056329887425
Q((6, 4, 1)): [-21.82905633 -25.00165428 -23.78344719]
V((6, 4, 2)): -23.790389040047558
Q((6, 4, 2)): [-23.79038904 -26.97925951 -25.72853918]
V((6, 4, 3)): -23.884464763300333
Q((6, 4, 3)): [-23.88446476 -26.95567471 -25.66683663]
V((6, 5, 0)): -19.928509671369437
Q((6, 5, 0)): [-19.92850967 -22.95295344 -21.71902146]
V((6, 5, 1)): -19.865059993704538
Q((6, 5, 1)): [-19.86505999 -22.99382446 -21.76743195]
V((6, 5, 2)): -21.82069538215032
Q((6, 5, 2)): [-21.82069538 -24.98676317 -23.72140556]
V((6, 5, 3)): -21.87021877256793
Q((6, 5, 3)): [-21.87021877 -24.97413941 -23.68883232]
V((6, 6, 0)): -17.908513810917466
Q((6, 6, 0)): [-17.90851381 -20.98637499 -19.75427923]
V((6, 6, 1)): -17.908513810917466
Q((6, 6, 1)): [-17.90851381 -20.98637499 -19.75427923]
V((6, 6, 2)): -19.857451805771884
Q((6, 6, 2)): [-19.85745181 -22.99646275 -21.71737009]
V((6, 6, 3)): -19.857451805771884
Q((6, 6, 3)): [-19.85745181 -22.99646275 -21.71737009]
V((6, 7, 0)): -15.889704649992382
Q((6, 7, 0)): [-15.88970465 -19.02461335 -17.79904443]
V((6, 7, 1)): -15.960830914431543
Q((6, 7, 1)): [-15.96083091 -18.97878151 -17.7447917 ]
V((6, 7, 2)): -17.90177904218188
Q((6, 7, 2)): [-17.90177904 -21.00836486 -19.71712746]
V((6, 7, 3)): -17.846273238290966
Q((6, 7, 3)): [-17.84627324 -21.02311803 -19.75366865]
V((6, 8, 0)): -13.872160446247417
Q((6, 8, 0)): [-13.87216045 -17.06821793 -15.85538461]
V((6, 8, 1)): -14.023880652525719
Q((6, 8, 1)): [-14.02388065 -16.97019173 -15.74019063]
V((6, 8, 2)): -15.955127006650809
Q((6, 8, 2)): [-15.95512701 -19.02238143 -17.72167763]
V((6, 8, 3)): -15.836804833982338
Q((6, 8, 3)): [-15.83680483 -19.05462313 -17.79929987]
V((6, 9, 0)): -11.85596784150898
Q((6, 9, 0)): [-11.85596784 -15.11784492 -13.9261091 ]
V((6, 9, 1)): -12.100209755004505
Q((6, 9, 1)): [-12.10020976 -14.95920788 -13.74242707]
V((6, 9, 2)): -14.019418648331797
Q((6, 9, 2)): [-14.01941865 -17.03825177 -15.73252557]
V((6, 9, 3)): -13.82918361887413
Q((6, 9, 3)): [-13.82918362 -17.09159776 -15.85635475]
V((6, 10, 0)): -8.258915448704087
Q((6, 10, 0)): [ -8.25891545 -12.17493482 -12.06274051]
V((6, 10, 1)): -10.193416304888181
Q((6, 10, 1)): [-10.1934163  -12.78788748 -11.91583614]
V((6, 10, 2)): -11.644754226145539
Q((6, 10, 2)): [-11.64475423 -13.37390279 -13.21873955]
V((6, 10, 3)): -10.320560814819274
Q((6, 10, 3)): [-10.32056081 -15.57020468 -13.63432897]
V((7, 1, 0)): -26.107530202072233
Q((7, 1, 0)): [-26.1075302  -28.77341182 -27.65344739]
V((7, 1, 1)): -25.777944841914746
Q((7, 1, 1)): [-25.77794484 -29.08420757 -27.92752229]
V((7, 1, 2)): -27.74592830123523
Q((7, 1, 2)): [-27.7459283  -30.94706268 -29.7303325 ]
V((7, 1, 3)): -27.897767292114303
Q((7, 1, 3)): [-27.89776729 -28.96047199 -28.90354156]
V((7, 2, 0)): -24.083351285686028
Q((7, 2, 0)): [-24.08335129 -26.89199656 -25.68778744]
V((7, 2, 1)): -23.79063431907227
Q((7, 2, 1)): [-23.79063432 -27.08447305 -25.9069509 ]
V((7, 2, 2)): -25.76731730400608
Q((7, 2, 2)): [-25.7673173  -29.02300885 -27.82143838]
V((7, 2, 3)): -25.993256725859425
Q((7, 2, 3)): [-25.99325673 -28.85395949 -27.64546043]
V((7, 3, 0)): -22.051727685451176
Q((7, 3, 0)): [-22.05172769 -24.90977044 -23.69336653]
V((7, 3, 1)): -21.80686644710256
Q((7, 3, 1)): [-21.80686645 -25.06876978 -23.87751465]
V((7, 3, 2)): -23.77973079385309
Q((7, 3, 2)): [-23.77973079 -27.02127064 -25.80295702]
V((7, 3, 3)): -23.970473694232503
Q((7, 3, 3)): [-23.97047369 -26.9708191  -25.67855618]
V((7, 4, 0)): -20.0206734967239
Q((7, 4, 0)): [-20.0206735  -22.92899217 -21.70379902]
V((7, 4, 1)): -19.828216104760397
Q((7, 4, 1)): [-19.8282161  -23.05355011 -21.84939688]
V((7, 4, 2)): -21.796449968008552
Q((7, 4, 2)): [-21.79644997 -25.0199487  -23.78425199]
V((7, 4, 3)): -21.94650084891499
Q((7, 4, 3)): [-21.94650085 -24.98130551 -23.68625007]
V((7, 5, 0)): -17.9903608400388
Q((7, 5, 0)): [-17.99036084 -20.95186931 -19.72056283]
V((7, 5, 1)): -17.8554953582804
Q((7, 5, 1)): [-17.85549536 -21.03892839 -19.8230886 ]
V((7, 5, 2)): -19.818359359714854
Q((7, 5, 2)): [-19.81835936 -23.02054042 -21.76766976]
V((7, 5, 3)): -19.923567345425585
Q((7, 5, 3)): [-19.92356735 -22.99304563 -21.69863921]
V((7, 6, 0)): -15.960830914431542
Q((7, 6, 0)): [-15.96083091 -18.97878151 -17.7447917 ]
V((7, 6, 1)): -15.88970464999238
Q((7, 6, 1)): [-15.88970465 -19.02461335 -17.79904443]
V((7, 6, 2)): -17.846273238290962
Q((7, 6, 2)): [-17.84627324 -21.02311803 -19.75366865]
V((7, 6, 3)): -17.90177904218188
Q((7, 6, 3)): [-17.90177904 -21.00836486 -19.71712746]
V((7, 7, 0)): -13.932125901473057
Q((7, 7, 0)): [-13.9321259  -17.01012895 -15.77792449]
V((7, 7, 1)): -13.932125901473055
Q((7, 7, 1)): [-13.9321259  -17.01012895 -15.77792449]
V((7, 7, 2)): -15.881211753065417
Q((7, 7, 2)): [-15.88121175 -19.02768267 -17.74283717]
V((7, 7, 3)): -15.881211753065418
Q((7, 7, 3)): [-15.88121175 -19.02768267 -17.74283717]
V((7, 8, 0)): -11.904291579284909
Q((7, 8, 0)): [-11.90429158 -15.04637741 -13.82184281]
V((7, 8, 1)): -11.984440002180193
Q((7, 8, 1)): [-11.98444    -14.99471167 -13.76073068]
V((7, 8, 2)): -13.924484625919572
Q((7, 8, 2)): [-13.92448463 -17.03415157 -15.7360208 ]
V((7, 8, 3)): -13.861948607056002
Q((7, 8, 3)): [-13.86194861 -17.05145048 -15.77720345]
V((7, 9, 0)): -9.877377795012663
Q((7, 9, 0)): [ -9.8773778  -13.08807642 -11.87907206]
V((7, 9, 1)): -10.048912122293991
Q((7, 9, 1)): [-10.04891212 -12.97712618 -11.74905237]
V((7, 9, 2)): -11.977812748168402
Q((7, 9, 2)): [-11.97781275 -15.04229196 -13.73448547]
V((7, 9, 3)): -11.844081855300677
Q((7, 9, 3)): [-11.84408186 -15.08020237 -13.82211632]
V((7, 10, 0)): -6.194193627988336
Q((7, 10, 0)): [ -6.19419363 -10.1105085   -9.99806448]
V((7, 10, 1)): -8.128698939662975
Q((7, 10, 1)): [ -8.12869894 -10.72329957  -9.85115491]
V((7, 10, 2)): -9.58016849737454
Q((7, 10, 2)): [ -9.5801685  -11.30951232 -11.15400772]
V((7, 10, 3)): -8.256124441832798
Q((7, 10, 3)): [ -8.25612444 -13.58437439 -11.57484885]
V((8, 1, 0)): -24.22083435040883
Q((8, 1, 0)): [-24.22083435 -26.79654876 -25.70407157]
V((8, 1, 1)): -23.804664648109807
Q((8, 1, 1)): [-23.80466465 -27.16547018 -26.03893267]
V((8, 1, 2)): -25.78018135718635
Q((8, 1, 2)): [-25.78018136 -29.01859804 -27.82404872]
V((8, 1, 3)): -25.99777793834433
Q((8, 1, 3)): [-25.99777794 -27.02156997 -26.94347738]
V((8, 2, 0)): -22.186228154563693
Q((8, 2, 0)): [-22.18622815 -24.90767797 -23.72918719]
V((8, 2, 1)): -21.809068474638906
Q((8, 2, 1)): [-21.80906847 -25.15702663 -24.00719658]
V((8, 2, 2)): -23.79263482561425
Q((8, 2, 2)): [-23.79263483 -27.08358179 -25.90705592]
V((8, 2, 3)): -24.083761700276895
Q((8, 2, 3)): [-24.0837617  -26.89759141 -25.69041273]
V((8, 3, 0)): -20.145061829204003
Q((8, 3, 0)): [-20.14506183 -22.91968972 -21.72376124]
V((8, 3, 1)): -19.81689363088392
Q((8, 3, 1)): [-19.81689363 -23.13419578 -21.96745481]
V((8, 3, 2)): -21.796850896091843
Q((8, 3, 2)): [-21.7968509  -25.07478521 -23.87918207]
V((8, 3, 3)): -22.0520789095877
Q((8, 3, 3)): [-22.05207891 -25.00581522 -23.71451096]
V((8, 4, 0)): -18.104211944174
Q((8, 4, 0)): [-18.10421194 -20.93300944 -19.72289305]
V((8, 4, 1)): -17.829494946314185
Q((8, 4, 1)): [-17.82949495 -21.1117809  -19.92864182]
V((8, 4, 2)): -19.805089480816708
Q((8, 4, 2)): [-19.80508948 -23.06632038 -21.85072927]
V((8, 4, 3)): -20.01898790768954
Q((8, 4, 3)): [-20.01898791 -23.0095043  -21.71211136]
V((8, 5, 0)): -16.0638113147085
Q((8, 5, 0)): [-16.06381131 -18.94973551 -17.72801868]
V((8, 5, 1)): -15.847613928802389
Q((8, 5, 1)): [-15.84761393 -19.08987666 -17.8911626 ]
V((8, 5, 2)): -17.81815990144863
Q((8, 5, 2)): [-17.8181599  -21.05957904 -19.82397264]
V((8, 5, 3)): -17.98664406682767
Q((8, 5, 3)): [-17.98664407 -21.01428788 -19.71405219]
V((8, 6, 0)): -14.023880652525717
Q((8, 6, 0)): [-14.02388065 -16.97019173 -15.74019063]
V((8, 6, 1)): -13.872160446247417
Q((8, 6, 1)): [-13.87216045 -17.06821793 -15.85538461]
V((8, 6, 2)): -15.836804833982338
Q((8, 6, 2)): [-15.83680483 -19.05462313 -17.79929987]
V((8, 6, 3)): -15.955127006650809
Q((8, 6, 3)): [-15.95512701 -19.02238143 -17.72167763]
V((8, 7, 0)): -11.984440002180197
Q((8, 7, 0)): [-11.98444    -14.99471167 -13.76073068]
V((8, 7, 1)): -11.904291579284909
Q((8, 7, 1)): [-11.90429158 -15.04637741 -13.82184281]
V((8, 7, 2)): -13.861948607056004
Q((8, 7, 2)): [-13.86194861 -17.05145048 -15.77720345]
V((8, 7, 3)): -13.924484625919572
Q((8, 7, 3)): [-13.92448463 -17.03415157 -15.7360208 ]
V((8, 8, 0)): -9.945510713654748
Q((8, 8, 0)): [ -9.94551071 -13.02367872 -11.79134787]
V((8, 8, 1)): -9.945510713654748
Q((8, 8, 1)): [ -9.94551071 -13.02367872 -11.79134787]
V((8, 8, 2)): -11.894768492730424
Q((8, 8, 2)): [-11.89476849 -15.04998551 -13.75839006]
V((8, 8, 3)): -11.894768492730424
Q((8, 8, 3)): [-11.89476849 -15.04998551 -13.75839006]
V((8, 9, 0)): -7.907115596124267
Q((8, 9, 0)): [ -7.9071156  -11.0575396   -9.83430561]
V((8, 9, 1)): -7.997821323274287
Q((8, 9, 1)): [ -7.99782132 -10.99904234  -9.76517758]
V((8, 9, 2)): -9.936796559062753
Q((8, 9, 2)): [ -9.93679656 -13.05002394 -11.74391296]
V((8, 9, 3)): -9.866034975591342
Q((8, 9, 3)): [ -9.86603498 -13.07033582 -11.79048999]
V((8, 10, 0)): -4.12946711874352
Q((8, 10, 0)): [-4.12946712 -8.04607813 -7.93338384]
V((8, 10, 1)): -6.063976894182865
Q((8, 10, 1)): [-6.06397689 -8.65870724 -7.78646906]
V((8, 10, 2)): -7.515578350773963
Q((8, 10, 2)): [-7.51557835 -9.24511788 -9.08927121]
V((8, 10, 3)): -6.191683991163595
Q((8, 10, 3)): [ -6.19168399 -11.60541901  -9.51562492]
V((9, 1, 0)): -22.353728108024203
Q((9, 1, 0)): [-22.35372811 -24.81671907 -23.76931   ]
V((9, 1, 1)): -21.835276709692554
Q((9, 1, 1)): [-21.83527671 -25.25597681 -24.17109603]
V((9, 1, 2)): -23.81895290006563
Q((9, 1, 2)): [-23.8189529  -27.09870723 -25.93410304]
V((9, 1, 3)): -24.113669914536455
Q((9, 1, 3)): [-24.11366991 -25.09061228 -24.99067245]
V((9, 2, 0)): -20.307256298170334
Q((9, 2, 0)): [-20.3072563  -22.92015462 -21.7838044 ]
V((9, 2, 1)): -19.830849577044063
Q((9, 2, 1)): [-19.83084958 -23.23806625 -22.12669973]
V((9, 2, 2)): -21.82184592278883
Q((9, 2, 2)): [-21.82184592 -25.15171321 -24.00795096]
V((9, 2, 3)): -22.189044029856845
Q((9, 2, 3)): [-22.18904403 -24.94433233 -23.74601152]
V((9, 3, 0)): -18.255283693184662
Q((9, 3, 0)): [-18.25528369 -20.92658109 -19.76563293]
V((9, 3, 1)): -17.829737842558693
Q((9, 3, 1)): [-17.82973784 -21.20746625 -20.07537329]
V((9, 3, 2)): -19.817323384477184
Q((9, 3, 2)): [-19.81732338 -23.13531353 -21.96968352]
V((9, 3, 3)): -20.14746910704923
Q((9, 3, 3)): [-20.14746911 -23.04329438 -21.76014339]
V((9, 4, 0)): -16.20340190204704
Q((9, 4, 0)): [-16.2034019  -18.93419969 -17.75181364]
V((9, 4, 1)): -15.833079366978552
Q((9, 4, 1)): [-15.83307937 -19.17723144 -18.02462075]
V((9, 4, 2)): -17.81655855208638
Q((9, 4, 2)): [-17.81655855 -21.11917845 -19.93050496]
V((9, 4, 3)): -18.104289450084842
Q((9, 4, 3)): [-18.10428945 -21.03995856 -19.74647758]
V((9, 5, 0)): -14.151708260095832
Q((9, 5, 0)): [-14.15170826 -16.94498719 -15.74375214]
V((9, 5, 1)): -13.841548124201275
Q((9, 5, 1)): [-13.84154812 -17.14743703 -15.97476819]
V((9, 5, 2)): -15.820287109294487
Q((9, 5, 2)): [-15.82028711 -19.10458866 -17.89262029]
V((9, 5, 3)): -16.061586389131687
Q((9, 5, 3)): [-16.06158639 -19.03757871 -17.73684036]
V((9, 6, 0)): -12.100209755004506
Q((9, 6, 0)): [-12.10020976 -14.95920788 -13.74242707]
V((9, 6, 1)): -11.855967841508976
Q((9, 6, 1)): [-11.85596784 -15.11784492 -13.9261091 ]
V((9, 6, 2)): -13.829183618874126
Q((9, 6, 2)): [-13.82918362 -17.09159776 -15.85635475]
V((9, 6, 3)): -14.0194186483318
Q((9, 6, 3)): [-14.01941865 -17.03825177 -15.73252557]
V((9, 7, 0)): -10.048912122293991
Q((9, 7, 0)): [-10.04891212 -12.97712618 -11.74905237]
V((9, 7, 1)): -9.87737779501266
Q((9, 7, 1)): [ -9.8773778  -13.08807642 -11.87907206]
V((9, 7, 2)): -11.844081855300676
Q((9, 7, 2)): [-11.84408186 -15.08020237 -13.82211632]
V((9, 7, 3)): -11.977812748168402
Q((9, 7, 3)): [-11.97781275 -15.04229196 -13.73448547]
V((9, 8, 0)): -7.997821323274287
Q((9, 8, 0)): [ -7.99782132 -10.99904234  -9.76517758]
V((9, 8, 1)): -7.907115596124267
Q((9, 8, 1)): [ -7.9071156  -11.0575396   -9.83430561]
V((9, 8, 2)): -9.866034975591342
Q((9, 8, 2)): [ -9.86603498 -13.07033582 -11.79048999]
V((9, 8, 3)): -9.936796559062753
Q((9, 8, 3)): [ -9.93679656 -13.05002394 -11.74391296]
V((9, 9, 0)): -5.94694358394333
Q((9, 9, 0)): [-5.94694358 -9.02530224 -7.7928253 ]
V((9, 9, 1)): -5.94694358394333
Q((9, 9, 1)): [-5.94694358 -9.02530224 -7.7928253 ]
V((9, 9, 2)): -7.896400054678947
Q((9, 9, 2)): [ -7.89640005 -11.06182243  -9.76234365]
V((9, 9, 3)): -7.896400054678947
Q((9, 9, 3)): [ -7.89640005 -11.06182243  -9.76234365]
V((9, 10, 0)): -2.0647359123009443
Q((9, 10, 0)): [-2.06473591 -5.9816437  -5.86869859]
V((9, 10, 1)): -3.999250159775837
Q((9, 10, 1)): [-3.99925016 -6.59411048 -5.7217786 ]
V((9, 10, 2)): -5.45098377767833
Q((9, 10, 2)): [-5.45098378 -7.18071947 -7.02453001]
V((9, 10, 3)): -4.127239454154218
Q((9, 10, 3)): [-4.12723945 -9.63465578 -7.45670386]
V((10, 1, 0)): -20.512644373689294
Q((10, 1, 0)): [-20.51264437 -22.20244667 -22.99290444]
V((10, 1, 1)): -18.58230838621468
Q((10, 1, 1)): [-18.58230839 -22.4918834  -22.3810136 ]
V((10, 1, 2)): -20.638357347234646
Q((10, 1, 2)): [-20.63835735 -25.52730086 -23.81351971]
V((10, 1, 3)): -21.84816932783441
Q((10, 1, 3)): [-21.84816933 -22.27078249 -22.24042174]
V((10, 2, 0)): -18.45216996198331
Q((10, 2, 0)): [-18.45216996 -20.17390459 -21.04418732]
V((10, 2, 1)): -16.517753667327565
Q((10, 2, 1)): [-16.51775367 -20.43251702 -20.32131757]
V((10, 2, 2)): -18.5781959149954
Q((10, 2, 2)): [-18.57819591 -23.56393814 -21.87211471]
V((10, 2, 3)): -19.90101292274946
Q((10, 2, 3)): [-19.90101292 -21.5590623  -21.41269367]
V((10, 3, 0)): -16.387539292548087
Q((10, 3, 0)): [-16.38753929 -18.10984244 -18.98159241]
V((10, 3, 1)): -14.453052828616805
Q((10, 3, 1)): [-14.45305283 -18.36818816 -18.2567398 ]
V((10, 3, 2)): -16.513844430427252
Q((10, 3, 2)): [-16.51384443 -21.55971552 -19.81394465]
V((10, 3, 3)): -17.83845212032888
Q((10, 3, 3)): [-17.83845212 -19.56582003 -19.41180401]
V((10, 4, 0)): -14.32283701142568
Q((10, 4, 0)): [-14.32283701 -16.04518466 -16.91704954]
V((10, 4, 1)): -12.388345058655162
Q((10, 4, 1)): [-12.38834506 -16.30377528 -16.1920788 ]
V((10, 4, 2)): -14.449421344308476
Q((10, 4, 2)): [-14.44942134 -19.55861232 -17.75391915]
V((10, 4, 3)): -15.77391193701094
Q((10, 4, 3)): [-15.77391194 -17.5026521  -17.34817146]
V((10, 5, 0)): -12.258128998268077
Q((10, 5, 0)): [-12.258129   -13.98051277 -14.85247097]
V((10, 5, 1)): -10.323632589558319
Q((10, 5, 1)): [-10.32363259 -14.23935708 -14.12741196]
V((10, 5, 2)): -12.384993118504937
Q((10, 5, 2)): [-12.38499312 -17.56188731 -15.69402888]
V((10, 5, 3)): -13.709335537772176
Q((10, 5, 3)): [-13.70933554 -15.43828902 -15.28346643]
V((10, 6, 0)): -10.193416304888181
Q((10, 6, 0)): [-10.1934163  -11.91583614 -12.78788748]
V((10, 6, 1)): -8.258915448704087
Q((10, 6, 1)): [ -8.25891545 -12.17493482 -12.06274051]
V((10, 6, 2)): -10.320560814819274
Q((10, 6, 2)): [-10.32056081 -15.57020468 -13.63432897]
V((10, 6, 3)): -11.644754226145535
Q((10, 6, 3)): [-11.64475423 -13.37390279 -13.21873955]
V((10, 7, 0)): -8.128698939662977
Q((10, 7, 0)): [ -8.12869894  -9.85115491 -10.72329957]
V((10, 7, 1)): -6.194193627988336
Q((10, 7, 1)): [ -6.19419363 -10.1105085   -9.99806448]
V((10, 7, 2)): -8.256124441832798
Q((10, 7, 2)): [ -8.25612444 -13.58437439 -11.57484885]
V((10, 7, 3)): -9.580168497374544
Q((10, 7, 3)): [ -9.5801685  -11.30951232 -11.15400772]
V((10, 8, 0)): -6.063976894182865
Q((10, 8, 0)): [-6.06397689 -7.78646906 -8.65870724]
V((10, 8, 1)): -4.12946711874352
Q((10, 8, 1)): [-4.12946712 -8.04607813 -7.93338384]
V((10, 8, 2)): -6.191683991163595
Q((10, 8, 2)): [ -6.19168399 -11.60541901  -9.51562492]
V((10, 8, 3)): -7.515578350773964
Q((10, 8, 3)): [-7.51557835 -9.24511788 -9.08927121]
V((10, 9, 0)): -3.999250159775837
Q((10, 9, 0)): [-3.99925016 -5.7217786  -6.59411048]
V((10, 9, 1)): -2.0647359123009443
Q((10, 9, 1)): [-2.06473591 -5.9816437  -5.86869859]
V((10, 9, 2)): -4.127239454154218
Q((10, 9, 2)): [-4.12723945 -9.63465578 -7.45670386]
V((10, 9, 3)): -5.45098377767833
Q((10, 9, 3)): [-5.45098378 -7.18071947 -7.02453001]
V((10, 10, 0)): 0.0
Q((10, 10, 0)): [0. 0. 0.]
V((10, 10, 1)): 0.0
Q((10, 10, 1)): [0. 0. 0.]
V((10, 10, 2)): 0.0
Q((10, 10, 2)): [0. 0. 0.]
V((10, 10, 3)): 0.0
Q((10, 10, 3)): [0. 0. 0.]
