V((1, 1, 0)): -16.319481795288468
Q((1, 1, 0)): [-16.67833232 -16.3194818  -16.3194818 ]
V((1, 1, 1)): -16.125770310829967
Q((1, 1, 1)): [-16.50350771 -16.50350771 -16.12577031]
V((1, 1, 2)): -16.319481795288468
Q((1, 1, 2)): [-16.3194818  -16.67833232 -16.50350771]
V((1, 1, 3)): -16.503507705524044
Q((1, 1, 3)): [-16.50350771 -16.50350771 -16.67833232]
V((1, 2, 0)): -15.70722472114124
Q((1, 2, 0)): [-16.12577031 -16.12577031 -15.70722472]
V((1, 2, 1)): -15.921863485084177
Q((1, 2, 1)): [-15.92186349 -16.3194818  -15.92186349]
V((1, 2, 2)): -16.125770310829967
Q((1, 2, 2)): [-16.12577031 -16.12577031 -16.3194818 ]
V((1, 2, 3)): -15.921863485084177
Q((1, 2, 3)): [-16.3194818  -15.92186349 -16.67833232]
V((1, 3, 0)): -15.481289180148673
Q((1, 3, 0)): [-15.92186349 -15.92186349 -15.48128918]
V((1, 3, 1)): -15.70722472114124
Q((1, 3, 1)): [ -15.70722472  -16.12577031 -214.75      ]
V((1, 3, 2)): -15.921863485084177
Q((1, 3, 2)): [-15.92186349 -15.92186349 -16.12577031]
V((1, 3, 3)): -15.70722472114124
Q((1, 3, 3)): [-16.12577031 -15.70722472 -16.12577031]
V((1, 5, 0)): -15.243462294893341
Q((1, 5, 0)): [-15.70722472 -15.24346229 -15.48128918]
V((1, 5, 1)): -14.993118205150886
Q((1, 5, 1)): [-15.48128918 -15.48128918 -14.99311821]
V((1, 5, 2)): -15.243462294893341
Q((1, 5, 2)): [-15.24346229 -15.70722472 -15.48128918]
V((1, 5, 3)): -15.481289180148673
Q((1, 5, 3)): [ -15.48128918  -15.48128918 -214.75      ]
V((1, 6, 0)): -14.45220853756331
Q((1, 6, 0)): [-14.99311821 -14.99311821 -14.45220854]
V((1, 6, 1)): -14.729598110685144
Q((1, 6, 1)): [-14.72959811 -15.24346229 -14.72959811]
V((1, 6, 2)): -14.993118205150886
Q((1, 6, 2)): [-14.99311821 -14.99311821 -15.24346229]
V((1, 6, 3)): -14.729598110685144
Q((1, 6, 3)): [-15.24346229 -14.72959811 -15.70722472]
V((1, 7, 0)): -14.160219513224538
Q((1, 7, 0)): [-14.72959811 -14.72959811 -14.16021951]
V((1, 7, 1)): -14.45220853756331
Q((1, 7, 1)): [-14.45220854 -14.99311821 -14.72959811]
V((1, 7, 2)): -14.729598110685144
Q((1, 7, 2)): [-14.72959811 -14.72959811 -14.99311821]
V((1, 7, 3)): -14.45220853756331
Q((1, 7, 3)): [-14.99311821 -14.45220854 -14.99311821]
V((1, 9, 0)): -13.529329100525807
Q((1, 9, 0)): [-14.16021951 -13.5293291  -13.5293291 ]
V((1, 9, 1)): -13.188767474237693
Q((1, 9, 1)): [-13.85286265 -13.85286265 -13.18876747]
V((1, 9, 2)): -13.529329100525807
Q((1, 9, 2)): [-13.5293291  -14.16021951 -13.85286265]
V((1, 9, 3)): -13.852862645499515
Q((1, 9, 3)): [-13.85286265 -13.85286265 -14.16021951]
V((1, 10, 0)): -12.83028155182915
Q((1, 10, 0)): [-13.5293291  -13.18876747 -12.83028155]
V((1, 10, 1)): -12.83028155182915
Q((1, 10, 1)): [-13.18876747 -13.5293291  -12.83028155]
V((1, 10, 2)): -13.188767474237693
Q((1, 10, 2)): [-13.18876747 -13.5293291  -13.5293291 ]
V((1, 10, 3)): -13.188767474237693
Q((1, 10, 3)): [-13.5293291  -13.18876747 -14.16021951]
V((1, 11, 0)): -12.452927949293844
Q((1, 11, 0)): [-13.18876747 -12.83028155 -12.45292795]
V((1, 11, 1)): -12.452927949293844
Q((1, 11, 1)): [-12.83028155 -13.18876747 -12.45292795]
V((1, 11, 2)): -12.83028155182915
Q((1, 11, 2)): [-12.83028155 -13.18876747 -13.18876747]
V((1, 11, 3)): -12.83028155182915
Q((1, 11, 3)): [-13.18876747 -12.83028155 -13.5293291 ]
V((1, 12, 0)): -12.055713630835626
Q((1, 12, 0)): [-12.83028155 -12.45292795 -12.05571363]
V((1, 12, 1)): -12.055713630835626
Q((1, 12, 1)): [-12.45292795 -12.83028155 -12.05571363]
V((1, 12, 2)): -12.452927949293844
Q((1, 12, 2)): [-12.45292795 -12.83028155 -12.83028155]
V((1, 12, 3)): -12.452927949293844
Q((1, 12, 3)): [-12.83028155 -12.45292795 -13.18876747]
V((1, 13, 0)): -11.63759329561645
Q((1, 13, 0)): [-12.45292795 -12.05571363 -11.6375933 ]
V((1, 13, 1)): -11.63759329561645
Q((1, 13, 1)): [-12.05571363 -12.45292795 -11.6375933 ]
V((1, 13, 2)): -12.055713630835626
Q((1, 13, 2)): [-12.05571363 -12.45292795 -12.45292795]
V((1, 13, 3)): -12.055713630835626
Q((1, 13, 3)): [-12.45292795 -12.05571363 -12.83028155]
V((1, 14, 0)): -11.63759329561645
Q((1, 14, 0)): [-12.45292795 -11.6375933  -11.6375933 ]
V((1, 14, 1)): -11.197466626964683
Q((1, 14, 1)): [-12.05571363 -12.05571363 -11.19746663]
V((1, 14, 2)): -11.63759329561645
Q((1, 14, 2)): [-11.6375933  -12.45292795 -12.05571363]
V((1, 14, 3)): -12.055713630835626
Q((1, 14, 3)): [-12.05571363 -12.05571363 -12.45292795]
V((1, 15, 0)): -10.2465004176894
Q((1, 15, 0)): [-11.19746663 -11.19746663 -10.24650042]
V((1, 15, 1)): -10.73417539680493
Q((1, 15, 1)): [-10.7341754  -11.6375933  -11.19746663]
V((1, 15, 2)): -11.197466626964683
Q((1, 15, 2)): [-11.19746663 -11.19746663 -11.6375933 ]
V((1, 15, 3)): -10.73417539680493
Q((1, 15, 3)): [-11.6375933  -10.7341754  -12.45292795]
V((2, 1, 0)): -16.125770310829967
Q((2, 1, 0)): [-16.50350771 -16.12577031 -16.12577031]
V((2, 1, 1)): -15.921863485084177
Q((2, 1, 1)): [-16.3194818  -16.3194818  -15.92186349]
V((2, 1, 2)): -16.125770310829967
Q((2, 1, 2)): [-16.12577031 -16.50350771 -16.50350771]
V((2, 1, 3)): -16.319481795288468
Q((2, 1, 3)): [-16.3194818  -16.3194818  -16.50350771]
V((2, 2, 0)): -15.481289180148673
Q((2, 2, 0)): [-15.92186349 -15.92186349 -15.48128918]
V((2, 2, 1)): -15.70722472114124
Q((2, 2, 1)): [-15.70722472 -16.12577031 -15.70722472]
V((2, 2, 2)): -15.921863485084177
Q((2, 2, 2)): [-15.92186349 -15.92186349 -16.3194818 ]
V((2, 2, 3)): -15.70722472114124
Q((2, 2, 3)): [-16.12577031 -15.70722472 -16.50350771]
V((2, 3, 0)): -15.243462294893341
Q((2, 3, 0)): [-15.70722472 -15.70722472 -15.24346229]
V((2, 3, 1)): -15.481289180148673
Q((2, 3, 1)): [-15.48128918 -15.92186349 -15.48128918]
V((2, 3, 2)): -15.70722472114124
Q((2, 3, 2)): [-15.70722472 -15.70722472 -16.12577031]
V((2, 3, 3)): -15.481289180148673
Q((2, 3, 3)): [-15.92186349 -15.48128918 -15.92186349]
V((2, 4, 0)): -14.993118205150886
Q((2, 4, 0)): [-15.48128918 -15.48128918 -14.99311821]
V((2, 4, 1)): -15.243462294893341
Q((2, 4, 1)): [-15.24346229 -15.70722472 -15.48128918]
V((2, 4, 2)): -15.481289180148673
Q((2, 4, 2)): [ -15.48128918  -15.48128918 -214.75      ]
V((2, 4, 3)): -15.243462294893341
Q((2, 4, 3)): [-15.70722472 -15.24346229 -15.70722472]
V((2, 6, 0)): -14.160219513224538
Q((2, 6, 0)): [-14.72959811 -14.16021951 -14.16021951]
V((2, 6, 1)): -13.852862645499515
Q((2, 6, 1)): [-14.45220854 -14.45220854 -13.85286265]
V((2, 6, 2)): -14.160219513224538
Q((2, 6, 2)): [-14.16021951 -14.72959811 -15.24346229]
V((2, 6, 3)): -14.45220853756331
Q((2, 6, 3)): [-14.45220854 -14.45220854 -14.72959811]
V((2, 7, 0)): -13.852862645499515
Q((2, 7, 0)): [-14.45220854 -13.85286265 -13.85286265]
V((2, 7, 1)): -13.529329100525807
Q((2, 7, 1)): [-14.16021951 -14.16021951 -13.5293291 ]
V((2, 7, 2)): -13.852862645499515
Q((2, 7, 2)): [-13.85286265 -14.45220854 -14.99311821]
V((2, 7, 3)): -14.160219513224538
Q((2, 7, 3)): [-14.16021951 -14.16021951 -14.72959811]
V((2, 8, 0)): -13.529329100525807
Q((2, 8, 0)): [-14.16021951 -13.5293291  -13.5293291 ]
V((2, 8, 1)): -13.188767474237693
Q((2, 8, 1)): [-13.85286265 -13.85286265 -13.18876747]
V((2, 8, 2)): -13.529329100525807
Q((2, 8, 2)): [-13.5293291  -14.16021951 -13.85286265]
V((2, 8, 3)): -13.852862645499515
Q((2, 8, 3)): [-13.85286265 -13.85286265 -14.45220854]
V((2, 9, 0)): -13.188767474237693
Q((2, 9, 0)): [-13.85286265 -13.18876747 -13.18876747]
V((2, 9, 1)): -12.83028155182915
Q((2, 9, 1)): [-13.5293291  -13.5293291  -12.83028155]
V((2, 9, 2)): -13.188767474237693
Q((2, 9, 2)): [-13.18876747 -13.85286265 -13.85286265]
V((2, 9, 3)): -13.529329100525807
Q((2, 9, 3)): [-13.5293291  -13.5293291  -14.16021951]
V((2, 10, 0)): -12.452927949293844
Q((2, 10, 0)): [-13.18876747 -12.83028155 -12.45292795]
V((2, 10, 1)): -12.452927949293844
Q((2, 10, 1)): [-12.83028155 -13.18876747 -12.45292795]
V((2, 10, 2)): -12.83028155182915
Q((2, 10, 2)): [-12.83028155 -13.18876747 -13.5293291 ]
V((2, 10, 3)): -12.83028155182915
Q((2, 10, 3)): [-13.18876747 -12.83028155 -13.85286265]
V((2, 11, 0)): -12.055713630835626
Q((2, 11, 0)): [-12.83028155 -12.45292795 -12.05571363]
V((2, 11, 1)): -12.055713630835626
Q((2, 11, 1)): [-12.45292795 -12.83028155 -12.05571363]
V((2, 11, 2)): -12.452927949293844
Q((2, 11, 2)): [-12.45292795 -12.83028155 -13.18876747]
V((2, 11, 3)): -12.452927949293844
Q((2, 11, 3)): [-12.83028155 -12.45292795 -13.18876747]
V((2, 12, 0)): -11.63759329561645
Q((2, 12, 0)): [-12.45292795 -12.05571363 -11.6375933 ]
V((2, 12, 1)): -11.63759329561645
Q((2, 12, 1)): [-12.05571363 -12.45292795 -11.6375933 ]
V((2, 12, 2)): -12.055713630835626
Q((2, 12, 2)): [-12.05571363 -12.45292795 -12.83028155]
V((2, 12, 3)): -12.055713630835626
Q((2, 12, 3)): [-12.45292795 -12.05571363 -12.83028155]
V((2, 13, 0)): -11.197466626964683
Q((2, 13, 0)): [-12.05571363 -11.6375933  -11.19746663]
V((2, 13, 1)): -11.197466626964683
Q((2, 13, 1)): [-11.6375933  -12.05571363 -11.19746663]
V((2, 13, 2)): -11.63759329561645
Q((2, 13, 2)): [-11.6375933  -12.05571363 -12.45292795]
V((2, 13, 3)): -11.63759329561645
Q((2, 13, 3)): [-12.05571363 -11.6375933  -12.45292795]
V((2, 14, 0)): -11.197466626964683
Q((2, 14, 0)): [-12.05571363 -11.19746663 -11.19746663]
V((2, 14, 1)): -10.73417539680493
Q((2, 14, 1)): [-11.6375933 -11.6375933 -10.7341754]
V((2, 14, 2)): -11.197466626964683
Q((2, 14, 2)): [-11.19746663 -12.05571363 -12.05571363]
V((2, 14, 3)): -11.63759329561645
Q((2, 14, 3)): [-11.6375933  -11.6375933  -12.05571363]
V((2, 15, 0)): -9.733158334409895
Q((2, 15, 0)): [-10.7341754  -10.7341754   -9.73315833]
V((2, 15, 1)): -10.2465004176894
Q((2, 15, 1)): [-10.24650042 -11.19746663 -10.7341754 ]
V((2, 15, 2)): -10.73417539680493
Q((2, 15, 2)): [-10.7341754 -10.7341754 -11.6375933]
V((2, 15, 3)): -10.2465004176894
Q((2, 15, 3)): [-11.19746663 -10.24650042 -12.05571363]
V((3, 1, 0)): -15.921863485084177
Q((3, 1, 0)): [-16.3194818  -15.92186349 -15.92186349]
V((3, 1, 1)): -15.70722472114124
Q((3, 1, 1)): [-16.12577031 -16.12577031 -15.70722472]
V((3, 1, 2)): -15.921863485084177
Q((3, 1, 2)): [-15.92186349 -16.3194818  -16.3194818 ]
V((3, 1, 3)): -16.125770310829967
Q((3, 1, 3)): [-16.12577031 -16.12577031 -16.3194818 ]
V((3, 2, 0)): -15.243462294893341
Q((3, 2, 0)): [-15.70722472 -15.70722472 -15.24346229]
V((3, 2, 1)): -15.481289180148673
Q((3, 2, 1)): [-15.48128918 -15.92186349 -15.48128918]
V((3, 2, 2)): -15.70722472114124
Q((3, 2, 2)): [-15.70722472 -15.70722472 -16.12577031]
V((3, 2, 3)): -15.481289180148673
Q((3, 2, 3)): [-15.92186349 -15.48128918 -16.3194818 ]
V((3, 3, 0)): -14.993118205150886
Q((3, 3, 0)): [-15.48128918 -15.48128918 -14.99311821]
V((3, 3, 1)): -15.243462294893341
Q((3, 3, 1)): [-15.24346229 -15.70722472 -15.24346229]
V((3, 3, 2)): -15.481289180148673
Q((3, 3, 2)): [-15.48128918 -15.48128918 -15.92186349]
V((3, 3, 3)): -15.243462294893341
Q((3, 3, 3)): [-15.70722472 -15.24346229 -15.70722472]
V((3, 4, 0)): -14.729598110685144
Q((3, 4, 0)): [-15.24346229 -15.24346229 -14.72959811]
V((3, 4, 1)): -14.993118205150886
Q((3, 4, 1)): [-14.99311821 -15.48128918 -15.24346229]
V((3, 4, 2)): -15.243462294893341
Q((3, 4, 2)): [-15.24346229 -15.24346229 -15.70722472]
V((3, 4, 3)): -14.993118205150886
Q((3, 4, 3)): [-15.48128918 -14.99311821 -15.48128918]
V((3, 6, 0)): -13.852862645499515
Q((3, 6, 0)): [-14.45220854 -13.85286265 -13.85286265]
V((3, 6, 1)): -13.529329100525807
Q((3, 6, 1)): [-14.16021951 -14.16021951 -13.5293291 ]
V((3, 6, 2)): -13.852862645499515
Q((3, 6, 2)): [-13.85286265 -14.45220854 -14.45220854]
V((3, 6, 3)): -14.160219513224538
Q((3, 6, 3)): [-14.16021951 -14.16021951 -14.45220854]
V((3, 7, 0)): -13.529329100525807
Q((3, 7, 0)): [-14.16021951 -13.5293291  -13.5293291 ]
V((3, 7, 1)): -13.188767474237693
Q((3, 7, 1)): [-13.85286265 -13.85286265 -13.18876747]
V((3, 7, 2)): -13.529329100525807
Q((3, 7, 2)): [-13.5293291  -14.16021951 -14.16021951]
V((3, 7, 3)): -13.852862645499515
Q((3, 7, 3)): [-13.85286265 -13.85286265 -14.45220854]
V((3, 8, 0)): -13.188767474237693
Q((3, 8, 0)): [-13.85286265 -13.18876747 -13.18876747]
V((3, 8, 1)): -12.83028155182915
Q((3, 8, 1)): [-13.5293291  -13.5293291  -12.83028155]
V((3, 8, 2)): -13.188767474237693
Q((3, 8, 2)): [-13.18876747 -13.85286265 -13.85286265]
V((3, 8, 3)): -13.529329100525807
Q((3, 8, 3)): [-13.5293291  -13.5293291  -14.16021951]
V((3, 9, 0)): -12.83028155182915
Q((3, 9, 0)): [-13.5293291  -12.83028155 -12.83028155]
V((3, 9, 1)): -12.452927949293844
Q((3, 9, 1)): [-13.18876747 -13.18876747 -12.45292795]
V((3, 9, 2)): -12.83028155182915
Q((3, 9, 2)): [-12.83028155 -13.5293291  -13.5293291 ]
V((3, 9, 3)): -13.188767474237693
Q((3, 9, 3)): [-13.18876747 -13.18876747 -13.85286265]
V((3, 10, 0)): -12.055713630835626
Q((3, 10, 0)): [-12.83028155 -12.45292795 -12.05571363]
V((3, 10, 1)): -12.055713630835626
Q((3, 10, 1)): [-12.45292795 -12.83028155 -12.05571363]
V((3, 10, 2)): -12.452927949293844
Q((3, 10, 2)): [-12.45292795 -12.83028155 -13.18876747]
V((3, 10, 3)): -12.452927949293844
Q((3, 10, 3)): [-12.83028155 -12.45292795 -13.5293291 ]
V((3, 11, 0)): -11.63759329561645
Q((3, 11, 0)): [-12.45292795 -12.05571363 -11.6375933 ]
V((3, 11, 1)): -11.63759329561645
Q((3, 11, 1)): [-12.05571363 -12.45292795 -11.6375933 ]
V((3, 11, 2)): -12.055713630835626
Q((3, 11, 2)): [-12.05571363 -12.45292795 -12.83028155]
V((3, 11, 3)): -12.055713630835626
Q((3, 11, 3)): [-12.45292795 -12.05571363 -12.83028155]
V((3, 12, 0)): -11.197466626964683
Q((3, 12, 0)): [-12.05571363 -11.6375933  -11.19746663]
V((3, 12, 1)): -11.197466626964683
Q((3, 12, 1)): [-11.6375933  -12.05571363 -11.19746663]
V((3, 12, 2)): -11.63759329561645
Q((3, 12, 2)): [-11.6375933  -12.05571363 -12.45292795]
V((3, 12, 3)): -11.63759329561645
Q((3, 12, 3)): [-12.05571363 -11.6375933  -12.45292795]
V((3, 13, 0)): -10.73417539680493
Q((3, 13, 0)): [-11.6375933  -11.19746663 -10.7341754 ]
V((3, 13, 1)): -10.73417539680493
Q((3, 13, 1)): [-11.19746663 -11.6375933  -10.7341754 ]
V((3, 13, 2)): -11.197466626964683
Q((3, 13, 2)): [-11.19746663 -11.6375933  -12.05571363]
V((3, 13, 3)): -11.197466626964683
Q((3, 13, 3)): [-11.6375933  -11.19746663 -12.05571363]
V((3, 14, 0)): -10.73417539680493
Q((3, 14, 0)): [-11.6375933 -10.7341754 -10.7341754]
V((3, 14, 1)): -10.2465004176894
Q((3, 14, 1)): [-11.19746663 -11.19746663 -10.24650042]
V((3, 14, 2)): -10.73417539680493
Q((3, 14, 2)): [-10.7341754 -11.6375933 -11.6375933]
V((3, 14, 3)): -11.197466626964683
Q((3, 14, 3)): [-11.19746663 -11.19746663 -11.6375933 ]
V((3, 15, 0)): -9.192798246747259
Q((3, 15, 0)): [-10.24650042 -10.24650042  -9.19279825]
V((3, 15, 1)): -9.733158334409895
Q((3, 15, 1)): [ -9.73315833 -10.7341754  -10.24650042]
V((3, 15, 2)): -10.2465004176894
Q((3, 15, 2)): [-10.24650042 -10.24650042 -11.19746663]
V((3, 15, 3)): -9.733158334409895
Q((3, 15, 3)): [-10.7341754   -9.73315833 -11.6375933 ]
V((4, 1, 0)): -15.70722472114124
Q((4, 1, 0)): [-16.12577031 -15.70722472 -15.70722472]
V((4, 1, 1)): -15.481289180148673
Q((4, 1, 1)): [-15.92186349 -15.92186349 -15.48128918]
V((4, 1, 2)): -15.70722472114124
Q((4, 1, 2)): [-15.70722472 -16.12577031 -16.12577031]
V((4, 1, 3)): -15.921863485084177
Q((4, 1, 3)): [-15.92186349 -15.92186349 -16.12577031]
V((4, 2, 0)): -14.993118205150886
Q((4, 2, 0)): [-15.48128918 -15.48128918 -14.99311821]
V((4, 2, 1)): -15.243462294893341
Q((4, 2, 1)): [-15.24346229 -15.70722472 -15.24346229]
V((4, 2, 2)): -15.481289180148673
Q((4, 2, 2)): [-15.48128918 -15.48128918 -15.92186349]
V((4, 2, 3)): -15.243462294893341
Q((4, 2, 3)): [-15.70722472 -15.24346229 -16.12577031]
V((4, 3, 0)): -14.729598110685144
Q((4, 3, 0)): [-15.24346229 -15.24346229 -14.72959811]
V((4, 3, 1)): -14.993118205150886
Q((4, 3, 1)): [-14.99311821 -15.48128918 -14.99311821]
V((4, 3, 2)): -15.243462294893341
Q((4, 3, 2)): [-15.24346229 -15.24346229 -15.70722472]
V((4, 3, 3)): -14.993118205150886
Q((4, 3, 3)): [-15.48128918 -14.99311821 -15.48128918]
V((4, 4, 0)): -14.45220853756331
Q((4, 4, 0)): [-14.99311821 -14.99311821 -14.45220854]
V((4, 4, 1)): -14.729598110685144
Q((4, 4, 1)): [-14.72959811 -15.24346229 -14.99311821]
V((4, 4, 2)): -14.993118205150886
Q((4, 4, 2)): [-14.99311821 -14.99311821 -15.48128918]
V((4, 4, 3)): -14.729598110685144
Q((4, 4, 3)): [-15.24346229 -14.72959811 -15.24346229]
V((4, 6, 0)): -13.529329100525807
Q((4, 6, 0)): [-14.16021951 -13.5293291  -13.5293291 ]
V((4, 6, 1)): -13.188767474237693
Q((4, 6, 1)): [-13.85286265 -13.85286265 -13.18876747]
V((4, 6, 2)): -13.529329100525807
Q((4, 6, 2)): [-13.5293291  -14.16021951 -14.16021951]
V((4, 6, 3)): -13.852862645499515
Q((4, 6, 3)): [-13.85286265 -13.85286265 -14.16021951]
V((4, 7, 0)): -13.188767474237693
Q((4, 7, 0)): [-13.85286265 -13.18876747 -13.18876747]
V((4, 7, 1)): -12.83028155182915
Q((4, 7, 1)): [-13.5293291  -13.5293291  -12.83028155]
V((4, 7, 2)): -13.188767474237693
Q((4, 7, 2)): [-13.18876747 -13.85286265 -13.85286265]
V((4, 7, 3)): -13.529329100525807
Q((4, 7, 3)): [-13.5293291  -13.5293291  -14.16021951]
V((4, 8, 0)): -12.83028155182915
Q((4, 8, 0)): [-13.5293291  -12.83028155 -12.83028155]
V((4, 8, 1)): -12.452927949293844
Q((4, 8, 1)): [-13.18876747 -13.18876747 -12.45292795]
V((4, 8, 2)): -12.83028155182915
Q((4, 8, 2)): [-12.83028155 -13.5293291  -13.5293291 ]
V((4, 8, 3)): -13.188767474237693
Q((4, 8, 3)): [-13.18876747 -13.18876747 -13.85286265]
V((4, 9, 0)): -12.452927949293844
Q((4, 9, 0)): [-13.18876747 -12.45292795 -12.45292795]
V((4, 9, 1)): -12.055713630835626
Q((4, 9, 1)): [-12.83028155 -12.83028155 -12.05571363]
V((4, 9, 2)): -12.452927949293844
Q((4, 9, 2)): [-12.45292795 -13.18876747 -13.18876747]
V((4, 9, 3)): -12.83028155182915
Q((4, 9, 3)): [-12.83028155 -12.83028155 -13.5293291 ]
V((4, 10, 0)): -11.63759329561645
Q((4, 10, 0)): [-12.45292795 -12.05571363 -11.6375933 ]
V((4, 10, 1)): -11.63759329561645
Q((4, 10, 1)): [-12.05571363 -12.45292795 -11.6375933 ]
V((4, 10, 2)): -12.055713630835626
Q((4, 10, 2)): [-12.05571363 -12.45292795 -12.83028155]
V((4, 10, 3)): -12.055713630835626
Q((4, 10, 3)): [-12.45292795 -12.05571363 -13.18876747]
V((4, 11, 0)): -11.197466626964683
Q((4, 11, 0)): [-12.05571363 -11.6375933  -11.19746663]
V((4, 11, 1)): -11.197466626964683
Q((4, 11, 1)): [-11.6375933  -12.05571363 -11.19746663]
V((4, 11, 2)): -11.63759329561645
Q((4, 11, 2)): [-11.6375933  -12.05571363 -12.45292795]
V((4, 11, 3)): -11.63759329561645
Q((4, 11, 3)): [-12.05571363 -11.6375933  -12.45292795]
V((4, 12, 0)): -10.73417539680493
Q((4, 12, 0)): [-11.6375933  -11.19746663 -10.7341754 ]
V((4, 12, 1)): -10.73417539680493
Q((4, 12, 1)): [-11.19746663 -11.6375933  -10.7341754 ]
V((4, 12, 2)): -11.197466626964683
Q((4, 12, 2)): [-11.19746663 -11.6375933  -12.05571363]
V((4, 12, 3)): -11.197466626964683
Q((4, 12, 3)): [-11.6375933  -11.19746663 -12.05571363]
V((4, 13, 0)): -10.2465004176894
Q((4, 13, 0)): [-11.19746663 -10.7341754  -10.24650042]
V((4, 13, 1)): -10.2465004176894
Q((4, 13, 1)): [-10.7341754  -11.19746663 -10.24650042]
V((4, 13, 2)): -10.73417539680493
Q((4, 13, 2)): [-10.7341754  -11.19746663 -11.6375933 ]
V((4, 13, 3)): -10.73417539680493
Q((4, 13, 3)): [-11.19746663 -10.7341754  -11.6375933 ]
V((4, 14, 0)): -10.2465004176894
Q((4, 14, 0)): [-11.19746663 -10.24650042 -10.24650042]
V((4, 14, 1)): -9.733158334409895
Q((4, 14, 1)): [-10.7341754  -10.7341754   -9.73315833]
V((4, 14, 2)): -10.2465004176894
Q((4, 14, 2)): [-10.24650042 -11.19746663 -11.19746663]
V((4, 14, 3)): -10.73417539680493
Q((4, 14, 3)): [-10.7341754  -10.7341754  -11.19746663]
V((4, 15, 0)): -8.623998154470799
Q((4, 15, 0)): [-9.73315833 -9.73315833 -8.62399815]
V((4, 15, 1)): -9.192798246747259
Q((4, 15, 1)): [ -9.19279825 -10.24650042  -9.73315833]
V((4, 15, 2)): -9.733158334409895
Q((4, 15, 2)): [ -9.73315833  -9.73315833 -10.7341754 ]
V((4, 15, 3)): -9.192798246747259
Q((4, 15, 3)): [-10.24650042  -9.19279825 -11.19746663]
V((5, 1, 0)): -15.481289180148673
Q((5, 1, 0)): [-15.92186349 -15.48128918 -15.48128918]
V((5, 1, 1)): -15.243462294893341
Q((5, 1, 1)): [-15.70722472 -15.70722472 -15.24346229]
V((5, 1, 2)): -15.481289180148673
Q((5, 1, 2)): [-15.48128918 -15.92186349 -15.92186349]
V((5, 1, 3)): -15.70722472114124
Q((5, 1, 3)): [-15.70722472 -15.70722472 -15.92186349]
V((5, 2, 0)): -14.729598110685144
Q((5, 2, 0)): [-15.24346229 -15.24346229 -14.72959811]
V((5, 2, 1)): -14.993118205150886
Q((5, 2, 1)): [-14.99311821 -15.48128918 -14.99311821]
V((5, 2, 2)): -15.243462294893341
Q((5, 2, 2)): [-15.24346229 -15.24346229 -15.70722472]
V((5, 2, 3)): -14.993118205150886
Q((5, 2, 3)): [-15.48128918 -14.99311821 -15.92186349]
V((5, 3, 0)): -14.45220853756331
Q((5, 3, 0)): [-14.99311821 -14.99311821 -14.45220854]
V((5, 3, 1)): -14.729598110685144
Q((5, 3, 1)): [-14.72959811 -15.24346229 -14.72959811]
V((5, 3, 2)): -14.993118205150886
Q((5, 3, 2)): [-14.99311821 -14.99311821 -15.48128918]
V((5, 3, 3)): -14.729598110685144
Q((5, 3, 3)): [-15.24346229 -14.72959811 -15.24346229]
V((5, 4, 0)): -14.160219513224538
Q((5, 4, 0)): [-14.72959811 -14.72959811 -14.16021951]
V((5, 4, 1)): -14.45220853756331
Q((5, 4, 1)): [-14.45220854 -14.99311821 -14.72959811]
V((5, 4, 2)): -14.729598110685144
Q((5, 4, 2)): [-14.72959811 -14.72959811 -15.24346229]
V((5, 4, 3)): -14.45220853756331
Q((5, 4, 3)): [-14.99311821 -14.45220854 -14.99311821]
V((5, 6, 0)): -13.188767474237693
Q((5, 6, 0)): [-13.85286265 -13.18876747 -13.18876747]
V((5, 6, 1)): -12.83028155182915
Q((5, 6, 1)): [-13.5293291  -13.5293291  -12.83028155]
V((5, 6, 2)): -13.188767474237693
Q((5, 6, 2)): [-13.18876747 -13.85286265 -13.85286265]
V((5, 6, 3)): -13.529329100525807
Q((5, 6, 3)): [-13.5293291  -13.5293291  -13.85286265]
V((5, 7, 0)): -12.83028155182915
Q((5, 7, 0)): [-13.5293291  -12.83028155 -12.83028155]
V((5, 7, 1)): -12.452927949293844
Q((5, 7, 1)): [-13.18876747 -13.18876747 -12.45292795]
V((5, 7, 2)): -12.83028155182915
Q((5, 7, 2)): [-12.83028155 -13.5293291  -13.5293291 ]
V((5, 7, 3)): -13.188767474237693
Q((5, 7, 3)): [-13.18876747 -13.18876747 -13.85286265]
V((5, 8, 0)): -12.452927949293844
Q((5, 8, 0)): [-13.18876747 -12.45292795 -12.45292795]
V((5, 8, 1)): -12.055713630835626
Q((5, 8, 1)): [-12.83028155 -12.83028155 -12.05571363]
V((5, 8, 2)): -12.452927949293844
Q((5, 8, 2)): [-12.45292795 -13.18876747 -13.18876747]
V((5, 8, 3)): -12.83028155182915
Q((5, 8, 3)): [-12.83028155 -12.83028155 -13.5293291 ]
V((5, 9, 0)): -12.055713630835626
Q((5, 9, 0)): [-12.83028155 -12.05571363 -12.05571363]
V((5, 9, 1)): -11.63759329561645
Q((5, 9, 1)): [-12.45292795 -12.45292795 -11.6375933 ]
V((5, 9, 2)): -12.055713630835626
Q((5, 9, 2)): [-12.05571363 -12.83028155 -12.83028155]
V((5, 9, 3)): -12.452927949293844
Q((5, 9, 3)): [-12.45292795 -12.45292795 -13.18876747]
V((5, 10, 0)): -11.197466626964683
Q((5, 10, 0)): [-12.05571363 -11.6375933  -11.19746663]
V((5, 10, 1)): -11.197466626964683
Q((5, 10, 1)): [-11.6375933  -12.05571363 -11.19746663]
V((5, 10, 2)): -11.63759329561645
Q((5, 10, 2)): [-11.6375933  -12.05571363 -12.45292795]
V((5, 10, 3)): -11.63759329561645
Q((5, 10, 3)): [-12.05571363 -11.6375933  -12.83028155]
V((5, 11, 0)): -10.73417539680493
Q((5, 11, 0)): [-11.6375933  -11.19746663 -10.7341754 ]
V((5, 11, 1)): -10.73417539680493
Q((5, 11, 1)): [-11.19746663 -11.6375933  -10.7341754 ]
V((5, 11, 2)): -11.197466626964683
Q((5, 11, 2)): [-11.19746663 -11.6375933  -12.05571363]
V((5, 11, 3)): -11.197466626964683
Q((5, 11, 3)): [-11.6375933  -11.19746663 -12.05571363]
V((5, 12, 0)): -10.2465004176894
Q((5, 12, 0)): [-11.19746663 -10.7341754  -10.24650042]
V((5, 12, 1)): -10.2465004176894
Q((5, 12, 1)): [-10.7341754  -11.19746663 -10.24650042]
V((5, 12, 2)): -10.73417539680493
Q((5, 12, 2)): [-10.7341754  -11.19746663 -11.6375933 ]
V((5, 12, 3)): -10.73417539680493
Q((5, 12, 3)): [-11.19746663 -10.7341754  -11.6375933 ]
V((5, 13, 0)): -9.733158334409895
Q((5, 13, 0)): [-10.7341754  -10.24650042  -9.73315833]
V((5, 13, 1)): -9.733158334409895
Q((5, 13, 1)): [-10.24650042 -10.7341754   -9.73315833]
V((5, 13, 2)): -10.2465004176894
Q((5, 13, 2)): [-10.24650042 -10.7341754  -11.19746663]
V((5, 13, 3)): -10.2465004176894
Q((5, 13, 3)): [-10.7341754  -10.24650042 -11.19746663]
V((5, 14, 0)): -9.733158334409895
Q((5, 14, 0)): [-10.7341754   -9.73315833  -9.73315833]
V((5, 14, 1)): -9.192798246747259
Q((5, 14, 1)): [-10.24650042 -10.24650042  -9.19279825]
V((5, 14, 2)): -9.733158334409895
Q((5, 14, 2)): [ -9.73315833 -10.7341754  -10.7341754 ]
V((5, 14, 3)): -10.2465004176894
Q((5, 14, 3)): [-10.24650042 -10.24650042 -10.7341754 ]
V((5, 15, 0)): -8.02526121523242
Q((5, 15, 0)): [-9.19279825 -9.19279825 -8.02526122]
V((5, 15, 1)): -8.623998154470799
Q((5, 15, 1)): [-8.62399815 -9.73315833 -9.19279825]
V((5, 15, 2)): -9.192798246747259
Q((5, 15, 2)): [ -9.19279825  -9.19279825 -10.24650042]
V((5, 15, 3)): -8.623998154470799
Q((5, 15, 3)): [ -9.73315833  -8.62399815 -10.7341754 ]
V((6, 1, 0)): -15.243462294893341
Q((6, 1, 0)): [ -15.70722472  -15.24346229 -214.75      ]
V((6, 1, 1)): -14.993118205150886
Q((6, 1, 1)): [-15.48128918 -15.48128918 -14.99311821]
V((6, 1, 2)): -15.243462294893341
Q((6, 1, 2)): [-15.24346229 -15.70722472 -15.70722472]
V((6, 1, 3)): -15.481289180148673
Q((6, 1, 3)): [-15.48128918 -15.48128918 -15.70722472]
V((6, 2, 0)): -14.45220853756331
Q((6, 2, 0)): [-14.99311821 -14.99311821 -14.45220854]
V((6, 2, 1)): -14.729598110685144
Q((6, 2, 1)): [-14.72959811 -15.24346229 -14.72959811]
V((6, 2, 2)): -14.993118205150886
Q((6, 2, 2)): [-14.99311821 -14.99311821 -15.48128918]
V((6, 2, 3)): -14.729598110685144
Q((6, 2, 3)): [-15.24346229 -14.72959811 -15.70722472]
V((6, 3, 0)): -14.160219513224538
Q((6, 3, 0)): [-14.72959811 -14.72959811 -14.16021951]
V((6, 3, 1)): -14.45220853756331
Q((6, 3, 1)): [-14.45220854 -14.99311821 -14.45220854]
V((6, 3, 2)): -14.729598110685144
Q((6, 3, 2)): [-14.72959811 -14.72959811 -15.24346229]
V((6, 3, 3)): -14.45220853756331
Q((6, 3, 3)): [-14.99311821 -14.45220854 -14.99311821]
V((6, 4, 0)): -13.852862645499515
Q((6, 4, 0)): [-14.45220854 -14.45220854 -13.85286265]
V((6, 4, 1)): -14.160219513224538
Q((6, 4, 1)): [-14.16021951 -14.72959811 -14.45220854]
V((6, 4, 2)): -14.45220853756331
Q((6, 4, 2)): [-14.45220854 -14.45220854 -14.99311821]
V((6, 4, 3)): -14.160219513224538
Q((6, 4, 3)): [-14.72959811 -14.16021951 -14.72959811]
V((6, 6, 0)): -12.83028155182915
Q((6, 6, 0)): [-13.5293291  -12.83028155 -12.83028155]
V((6, 6, 1)): -12.452927949293844
Q((6, 6, 1)): [-13.18876747 -13.18876747 -12.45292795]
V((6, 6, 2)): -12.83028155182915
Q((6, 6, 2)): [-12.83028155 -13.5293291  -13.5293291 ]
V((6, 6, 3)): -13.188767474237693
Q((6, 6, 3)): [-13.18876747 -13.18876747 -13.5293291 ]
V((6, 7, 0)): -12.452927949293844
Q((6, 7, 0)): [-13.18876747 -12.45292795 -12.45292795]
V((6, 7, 1)): -12.055713630835626
Q((6, 7, 1)): [-12.83028155 -12.83028155 -12.05571363]
V((6, 7, 2)): -12.452927949293844
Q((6, 7, 2)): [-12.45292795 -13.18876747 -13.18876747]
V((6, 7, 3)): -12.83028155182915
Q((6, 7, 3)): [-12.83028155 -12.83028155 -13.5293291 ]
V((6, 8, 0)): -12.055713630835626
Q((6, 8, 0)): [-12.83028155 -12.05571363 -12.05571363]
V((6, 8, 1)): -11.63759329561645
Q((6, 8, 1)): [-12.45292795 -12.45292795 -11.6375933 ]
V((6, 8, 2)): -12.055713630835626
Q((6, 8, 2)): [-12.05571363 -12.83028155 -12.83028155]
V((6, 8, 3)): -12.452927949293844
Q((6, 8, 3)): [-12.45292795 -12.45292795 -13.18876747]
V((6, 9, 0)): -11.63759329561645
Q((6, 9, 0)): [-12.45292795 -11.6375933  -11.6375933 ]
V((6, 9, 1)): -11.197466626964683
Q((6, 9, 1)): [-12.05571363 -12.05571363 -11.19746663]
V((6, 9, 2)): -11.63759329561645
Q((6, 9, 2)): [-11.6375933  -12.45292795 -12.45292795]
V((6, 9, 3)): -12.055713630835626
Q((6, 9, 3)): [-12.05571363 -12.05571363 -12.83028155]
V((6, 10, 0)): -10.73417539680493
Q((6, 10, 0)): [-11.6375933  -11.19746663 -10.7341754 ]
V((6, 10, 1)): -10.73417539680493
Q((6, 10, 1)): [-11.19746663 -11.6375933  -10.7341754 ]
V((6, 10, 2)): -11.197466626964683
Q((6, 10, 2)): [-11.19746663 -11.6375933  -12.05571363]
V((6, 10, 3)): -11.197466626964683
Q((6, 10, 3)): [-11.6375933  -11.19746663 -12.45292795]
V((6, 11, 0)): -10.2465004176894
Q((6, 11, 0)): [-11.19746663 -10.7341754  -10.24650042]
V((6, 11, 1)): -10.2465004176894
Q((6, 11, 1)): [-10.7341754  -11.19746663 -10.24650042]
V((6, 11, 2)): -10.73417539680493
Q((6, 11, 2)): [-10.7341754  -11.19746663 -11.6375933 ]
V((6, 11, 3)): -10.73417539680493
Q((6, 11, 3)): [-11.19746663 -10.7341754  -11.6375933 ]
V((6, 12, 0)): -9.733158334409895
Q((6, 12, 0)): [-10.7341754  -10.24650042  -9.73315833]
V((6, 12, 1)): -9.733158334409895
Q((6, 12, 1)): [-10.24650042 -10.7341754   -9.73315833]
V((6, 12, 2)): -10.2465004176894
Q((6, 12, 2)): [-10.24650042 -10.7341754  -11.19746663]
V((6, 12, 3)): -10.2465004176894
Q((6, 12, 3)): [-10.7341754  -10.24650042 -11.19746663]
V((6, 13, 0)): -9.192798246747259
Q((6, 13, 0)): [-10.24650042  -9.73315833  -9.19279825]
V((6, 13, 1)): -9.192798246747259
Q((6, 13, 1)): [ -9.73315833 -10.24650042  -9.19279825]
V((6, 13, 2)): -9.733158334409895
Q((6, 13, 2)): [ -9.73315833 -10.24650042 -10.7341754 ]
V((6, 13, 3)): -9.733158334409895
Q((6, 13, 3)): [-10.24650042  -9.73315833 -10.7341754 ]
V((6, 14, 0)): -9.192798246747259
Q((6, 14, 0)): [-10.24650042  -9.19279825  -9.19279825]
V((6, 14, 1)): -8.623998154470799
Q((6, 14, 1)): [-9.73315833 -9.73315833 -8.62399815]
V((6, 14, 2)): -9.192798246747259
Q((6, 14, 2)): [ -9.19279825 -10.24650042 -10.24650042]
V((6, 14, 3)): -9.733158334409895
Q((6, 14, 3)): [ -9.73315833  -9.73315833 -10.24650042]
V((6, 15, 0)): -7.395011805507812
Q((6, 15, 0)): [-8.62399815 -8.62399815 -7.39501181]
V((6, 15, 1)): -8.02526121523242
Q((6, 15, 1)): [-8.02526122 -9.19279825 -8.62399815]
V((6, 15, 2)): -8.623998154470799
Q((6, 15, 2)): [-8.62399815 -8.62399815 -9.73315833]
V((6, 15, 3)): -8.02526121523242
Q((6, 15, 3)): [ -9.19279825  -8.02526122 -10.24650042]
V((7, 2, 0)): -14.160219513224538
Q((7, 2, 0)): [-14.72959811 -14.72959811 -14.16021951]
V((7, 2, 1)): -14.45220853756331
Q((7, 2, 1)): [-14.45220854 -14.99311821 -14.45220854]
V((7, 2, 2)): -14.729598110685144
Q((7, 2, 2)): [-14.72959811 -14.72959811 -15.24346229]
V((7, 2, 3)): -14.45220853756331
Q((7, 2, 3)): [ -14.99311821  -14.45220854 -214.75      ]
V((7, 3, 0)): -13.852862645499515
Q((7, 3, 0)): [-14.45220854 -14.45220854 -13.85286265]
V((7, 3, 1)): -14.160219513224538
Q((7, 3, 1)): [-14.16021951 -14.72959811 -14.16021951]
V((7, 3, 2)): -14.45220853756331
Q((7, 3, 2)): [-14.45220854 -14.45220854 -14.99311821]
V((7, 3, 3)): -14.160219513224538
Q((7, 3, 3)): [-14.72959811 -14.16021951 -14.72959811]
V((7, 4, 0)): -13.529329100525807
Q((7, 4, 0)): [-14.16021951 -14.16021951 -13.5293291 ]
V((7, 4, 1)): -13.852862645499515
Q((7, 4, 1)): [-13.85286265 -14.45220854 -14.16021951]
V((7, 4, 2)): -14.160219513224538
Q((7, 4, 2)): [-14.16021951 -14.16021951 -14.72959811]
V((7, 4, 3)): -13.852862645499515
Q((7, 4, 3)): [-14.45220854 -13.85286265 -14.45220854]
V((7, 6, 0)): -12.452927949293844
Q((7, 6, 0)): [-13.18876747 -12.45292795 -12.45292795]
V((7, 6, 1)): -12.055713630835626
Q((7, 6, 1)): [-12.83028155 -12.83028155 -12.05571363]
V((7, 6, 2)): -12.452927949293844
Q((7, 6, 2)): [-12.45292795 -13.18876747 -13.18876747]
V((7, 6, 3)): -12.83028155182915
Q((7, 6, 3)): [-12.83028155 -12.83028155 -13.18876747]
V((7, 7, 0)): -12.055713630835626
Q((7, 7, 0)): [-12.83028155 -12.05571363 -12.45292795]
V((7, 7, 1)): -11.63759329561645
Q((7, 7, 1)): [-12.45292795 -12.45292795 -11.6375933 ]
V((7, 7, 2)): -12.055713630835626
Q((7, 7, 2)): [-12.05571363 -12.83028155 -12.83028155]
V((7, 7, 3)): -12.452927949293844
Q((7, 7, 3)): [-12.45292795 -12.45292795 -13.18876747]
V((7, 8, 0)): -11.63759329561645
Q((7, 8, 0)): [-12.45292795 -11.6375933  -11.6375933 ]
V((7, 8, 1)): -11.197466626964683
Q((7, 8, 1)): [-12.05571363 -12.05571363 -11.19746663]
V((7, 8, 2)): -11.63759329561645
Q((7, 8, 2)): [-11.6375933  -12.45292795 -12.45292795]
V((7, 8, 3)): -12.055713630835626
Q((7, 8, 3)): [-12.05571363 -12.05571363 -12.83028155]
V((7, 9, 0)): -11.197466626964683
Q((7, 9, 0)): [-12.05571363 -11.19746663 -11.19746663]
V((7, 9, 1)): -10.73417539680493
Q((7, 9, 1)): [-11.6375933 -11.6375933 -10.7341754]
V((7, 9, 2)): -11.197466626964683
Q((7, 9, 2)): [-11.19746663 -12.05571363 -12.05571363]
V((7, 9, 3)): -11.63759329561645
Q((7, 9, 3)): [-11.6375933  -11.6375933  -12.45292795]
V((7, 10, 0)): -10.2465004176894
Q((7, 10, 0)): [-11.19746663 -10.7341754  -10.24650042]
V((7, 10, 1)): -10.2465004176894
Q((7, 10, 1)): [-10.7341754  -11.19746663 -10.24650042]
V((7, 10, 2)): -10.73417539680493
Q((7, 10, 2)): [-10.7341754  -11.19746663 -11.6375933 ]
V((7, 10, 3)): -10.73417539680493
Q((7, 10, 3)): [-11.19746663 -10.7341754  -12.05571363]
V((7, 11, 0)): -9.733158334409895
Q((7, 11, 0)): [-10.7341754  -10.24650042  -9.73315833]
V((7, 11, 1)): -9.733158334409895
Q((7, 11, 1)): [-10.24650042 -10.7341754   -9.73315833]
V((7, 11, 2)): -10.2465004176894
Q((7, 11, 2)): [-10.24650042 -10.7341754  -11.19746663]
V((7, 11, 3)): -10.2465004176894
Q((7, 11, 3)): [-10.7341754  -10.24650042 -11.19746663]
V((7, 12, 0)): -9.192798246747259
Q((7, 12, 0)): [-10.24650042  -9.73315833  -9.19279825]
V((7, 12, 1)): -9.192798246747259
Q((7, 12, 1)): [ -9.73315833 -10.24650042  -9.19279825]
V((7, 12, 2)): -9.733158334409895
Q((7, 12, 2)): [ -9.73315833 -10.24650042 -10.7341754 ]
V((7, 12, 3)): -9.733158334409895
Q((7, 12, 3)): [-10.24650042  -9.73315833 -10.7341754 ]
V((7, 13, 0)): -8.623998154470799
Q((7, 13, 0)): [-9.73315833 -9.19279825 -8.62399815]
V((7, 13, 1)): -8.623998154470799
Q((7, 13, 1)): [-9.19279825 -9.73315833 -8.62399815]
V((7, 13, 2)): -9.192798246747259
Q((7, 13, 2)): [ -9.19279825  -9.73315833 -10.24650042]
V((7, 13, 3)): -9.192798246747259
Q((7, 13, 3)): [ -9.73315833  -9.19279825 -10.24650042]
V((7, 14, 0)): -8.623998154470799
Q((7, 14, 0)): [-9.73315833 -8.62399815 -8.62399815]
V((7, 14, 1)): -8.02526121523242
Q((7, 14, 1)): [-9.19279825 -9.19279825 -8.02526122]
V((7, 14, 2)): -8.623998154470799
Q((7, 14, 2)): [-8.62399815 -9.73315833 -9.73315833]
V((7, 14, 3)): -9.192798246747259
Q((7, 14, 3)): [-9.19279825 -9.19279825 -9.73315833]
V((7, 15, 0)): -6.731591374218749
Q((7, 15, 0)): [-8.02526122 -8.02526122 -6.73159137]
V((7, 15, 1)): -7.395011805507812
Q((7, 15, 1)): [-7.39501181 -8.62399815 -8.02526122]
V((7, 15, 2)): -8.02526121523242
Q((7, 15, 2)): [-8.02526122 -8.02526122 -9.19279825]
V((7, 15, 3)): -7.395011805507812
Q((7, 15, 3)): [-8.62399815 -7.39501181 -9.73315833]
V((8, 1, 0)): -14.729598110685144
Q((8, 1, 0)): [-15.24346229 -14.72959811 -14.72959811]
V((8, 1, 1)): -14.45220853756331
Q((8, 1, 1)): [-14.99311821 -14.99311821 -14.45220854]
V((8, 1, 2)): -14.729598110685144
Q((8, 1, 2)): [ -14.72959811  -15.24346229 -214.75      ]
V((8, 1, 3)): -14.993118205150886
Q((8, 1, 3)): [-14.99311821 -14.99311821 -15.24346229]
V((8, 2, 0)): -13.852862645499515
Q((8, 2, 0)): [-14.45220854 -14.45220854 -13.85286265]
V((8, 2, 1)): -14.160219513224538
Q((8, 2, 1)): [-14.16021951 -14.72959811 -14.16021951]
V((8, 2, 2)): -14.45220853756331
Q((8, 2, 2)): [-14.45220854 -14.45220854 -14.99311821]
V((8, 2, 3)): -14.160219513224538
Q((8, 2, 3)): [-14.72959811 -14.16021951 -15.24346229]
V((8, 3, 0)): -13.529329100525807
Q((8, 3, 0)): [-14.16021951 -14.16021951 -13.5293291 ]
V((8, 3, 1)): -13.852862645499515
Q((8, 3, 1)): [-13.85286265 -14.45220854 -13.85286265]
V((8, 3, 2)): -14.160219513224538
Q((8, 3, 2)): [-14.16021951 -14.16021951 -14.72959811]
V((8, 3, 3)): -13.852862645499515
Q((8, 3, 3)): [-14.45220854 -13.85286265 -14.45220854]
V((8, 4, 0)): -13.188767474237693
Q((8, 4, 0)): [-13.85286265 -13.85286265 -13.18876747]
V((8, 4, 1)): -13.529329100525807
Q((8, 4, 1)): [-13.5293291  -14.16021951 -13.85286265]
V((8, 4, 2)): -13.852862645499515
Q((8, 4, 2)): [-13.85286265 -13.85286265 -14.45220854]
V((8, 4, 3)): -13.529329100525807
Q((8, 4, 3)): [-14.16021951 -13.5293291  -14.16021951]
V((8, 6, 0)): -12.055713630835626
Q((8, 6, 0)): [-12.83028155 -12.83028155 -12.05571363]
V((8, 6, 1)): -12.452927949293844
Q((8, 6, 1)): [-12.45292795 -13.18876747 -12.83028155]
V((8, 6, 2)): -12.83028155182915
Q((8, 6, 2)): [-12.83028155 -12.83028155 -12.83028155]
V((8, 6, 3)): -12.452927949293844
Q((8, 6, 3)): [-13.18876747 -12.45292795 -12.83028155]
V((8, 8, 0)): -11.197466626964683
Q((8, 8, 0)): [-12.05571363 -11.19746663 -11.19746663]
V((8, 8, 1)): -10.73417539680493
Q((8, 8, 1)): [-11.6375933 -11.6375933 -10.7341754]
V((8, 8, 2)): -11.197466626964683
Q((8, 8, 2)): [-11.19746663 -12.05571363 -12.05571363]
V((8, 8, 3)): -11.63759329561645
Q((8, 8, 3)): [-11.6375933  -11.6375933  -12.05571363]
V((8, 9, 0)): -10.73417539680493
Q((8, 9, 0)): [-11.6375933 -10.7341754 -10.7341754]
V((8, 9, 1)): -10.2465004176894
Q((8, 9, 1)): [-11.19746663 -11.19746663 -10.24650042]
V((8, 9, 2)): -10.73417539680493
Q((8, 9, 2)): [-10.7341754 -11.6375933 -11.6375933]
V((8, 9, 3)): -11.197466626964683
Q((8, 9, 3)): [-11.19746663 -11.19746663 -12.05571363]
V((8, 10, 0)): -9.733158334409895
Q((8, 10, 0)): [-10.7341754  -10.24650042  -9.73315833]
V((8, 10, 1)): -9.733158334409895
Q((8, 10, 1)): [-10.24650042 -10.7341754   -9.73315833]
V((8, 10, 2)): -10.2465004176894
Q((8, 10, 2)): [-10.24650042 -10.7341754  -11.19746663]
V((8, 10, 3)): -10.2465004176894
Q((8, 10, 3)): [-10.7341754  -10.24650042 -11.6375933 ]
V((8, 11, 0)): -9.192798246747259
Q((8, 11, 0)): [-10.24650042  -9.73315833  -9.19279825]
V((8, 11, 1)): -9.192798246747259
Q((8, 11, 1)): [ -9.73315833 -10.24650042  -9.19279825]
V((8, 11, 2)): -9.733158334409895
Q((8, 11, 2)): [ -9.73315833 -10.24650042 -10.7341754 ]
V((8, 11, 3)): -9.733158334409895
Q((8, 11, 3)): [-10.24650042  -9.73315833 -10.7341754 ]
V((8, 12, 0)): -8.623998154470799
Q((8, 12, 0)): [-9.73315833 -9.19279825 -8.62399815]
V((8, 12, 1)): -8.623998154470799
Q((8, 12, 1)): [-9.19279825 -9.73315833 -8.62399815]
V((8, 12, 2)): -9.192798246747259
Q((8, 12, 2)): [ -9.19279825  -9.73315833 -10.24650042]
V((8, 12, 3)): -9.192798246747259
Q((8, 12, 3)): [ -9.73315833  -9.19279825 -10.24650042]
V((8, 13, 0)): -8.02526121523242
Q((8, 13, 0)): [-9.19279825 -8.62399815 -8.02526122]
V((8, 13, 1)): -8.02526121523242
Q((8, 13, 1)): [-8.62399815 -9.19279825 -8.02526122]
V((8, 13, 2)): -8.623998154470799
Q((8, 13, 2)): [-8.62399815 -9.19279825 -9.73315833]
V((8, 13, 3)): -8.623998154470799
Q((8, 13, 3)): [-9.19279825 -8.62399815 -9.73315833]
V((8, 14, 0)): -8.02526121523242
Q((8, 14, 0)): [-9.19279825 -8.02526122 -8.02526122]
V((8, 14, 1)): -7.395011805507812
Q((8, 14, 1)): [-8.62399815 -8.62399815 -7.39501181]
V((8, 14, 2)): -8.02526121523242
Q((8, 14, 2)): [-8.02526122 -9.19279825 -9.19279825]
V((8, 14, 3)): -8.623998154470799
Q((8, 14, 3)): [-8.62399815 -8.62399815 -9.19279825]
V((8, 15, 0)): -6.033254078124999
Q((8, 15, 0)): [-7.39501181 -7.39501181 -6.03325408]
V((8, 15, 1)): -6.731591374218749
Q((8, 15, 1)): [-6.73159137 -8.02526122 -7.39501181]
V((8, 15, 2)): -7.395011805507812
Q((8, 15, 2)): [-7.39501181 -7.39501181 -8.62399815]
V((8, 15, 3)): -6.731591374218749
Q((8, 15, 3)): [-8.02526122 -6.73159137 -9.19279825]
V((9, 1, 0)): -14.45220853756331
Q((9, 1, 0)): [-14.99311821 -14.45220854 -14.45220854]
V((9, 1, 1)): -14.160219513224538
Q((9, 1, 1)): [-14.72959811 -14.72959811 -14.16021951]
V((9, 1, 2)): -14.45220853756331
Q((9, 1, 2)): [-14.45220854 -14.99311821 -14.99311821]
V((9, 1, 3)): -14.729598110685144
Q((9, 1, 3)): [-14.72959811 -14.72959811 -14.99311821]
V((9, 2, 0)): -13.529329100525807
Q((9, 2, 0)): [-14.16021951 -14.16021951 -13.5293291 ]
V((9, 2, 1)): -13.852862645499515
Q((9, 2, 1)): [-13.85286265 -14.45220854 -13.85286265]
V((9, 2, 2)): -14.160219513224538
Q((9, 2, 2)): [-14.16021951 -14.16021951 -14.72959811]
V((9, 2, 3)): -13.852862645499515
Q((9, 2, 3)): [-14.45220854 -13.85286265 -14.99311821]
V((9, 3, 0)): -13.188767474237693
Q((9, 3, 0)): [-13.85286265 -13.85286265 -13.18876747]
V((9, 3, 1)): -13.529329100525807
Q((9, 3, 1)): [-13.5293291  -14.16021951 -13.5293291 ]
V((9, 3, 2)): -13.852862645499515
Q((9, 3, 2)): [-13.85286265 -13.85286265 -14.45220854]
V((9, 3, 3)): -13.529329100525807
Q((9, 3, 3)): [-14.16021951 -13.5293291  -14.16021951]
V((9, 4, 0)): -12.83028155182915
Q((9, 4, 0)): [-13.5293291  -13.5293291  -12.83028155]
V((9, 4, 1)): -13.188767474237693
Q((9, 4, 1)): [-13.18876747 -13.85286265 -13.5293291 ]
V((9, 4, 2)): -13.529329100525807
Q((9, 4, 2)): [-13.5293291  -13.5293291  -14.16021951]
V((9, 4, 3)): -13.188767474237693
Q((9, 4, 3)): [-13.85286265 -13.18876747 -13.85286265]
V((9, 6, 0)): -11.63759329561645
Q((9, 6, 0)): [-12.45292795 -11.6375933  -11.6375933 ]
V((9, 6, 1)): -11.197466626964683
Q((9, 6, 1)): [-12.05571363 -12.05571363 -11.19746663]
V((9, 6, 2)): -11.63759329561645
Q((9, 6, 2)): [-11.6375933  -12.45292795 -13.18876747]
V((9, 6, 3)): -12.055713630835626
Q((9, 6, 3)): [-12.05571363 -12.05571363 -12.45292795]
V((9, 7, 0)): -11.197466626964683
Q((9, 7, 0)): [-12.05571363 -11.19746663 -11.19746663]
V((9, 7, 1)): -10.73417539680493
Q((9, 7, 1)): [-11.6375933 -11.6375933 -10.7341754]
V((9, 7, 2)): -11.197466626964683
Q((9, 7, 2)): [-11.19746663 -12.05571363 -11.6375933 ]
V((9, 7, 3)): -11.63759329561645
Q((9, 7, 3)): [-11.6375933  -11.6375933  -12.45292795]
V((9, 8, 0)): -10.73417539680493
Q((9, 8, 0)): [-11.6375933 -10.7341754 -10.7341754]
V((9, 8, 1)): -10.2465004176894
Q((9, 8, 1)): [-11.19746663 -11.19746663 -10.24650042]
V((9, 8, 2)): -10.73417539680493
Q((9, 8, 2)): [-10.7341754 -11.6375933 -11.6375933]
V((9, 8, 3)): -11.197466626964683
Q((9, 8, 3)): [-11.19746663 -11.19746663 -12.05571363]
V((9, 9, 0)): -10.2465004176894
Q((9, 9, 0)): [-11.19746663 -10.24650042 -10.24650042]
V((9, 9, 1)): -9.733158334409895
Q((9, 9, 1)): [-10.7341754  -10.7341754   -9.73315833]
V((9, 9, 2)): -10.2465004176894
Q((9, 9, 2)): [-10.24650042 -11.19746663 -11.19746663]
V((9, 9, 3)): -10.73417539680493
Q((9, 9, 3)): [-10.7341754 -10.7341754 -11.6375933]
V((9, 10, 0)): -9.192798246747259
Q((9, 10, 0)): [-10.24650042  -9.73315833  -9.19279825]
V((9, 10, 1)): -9.192798246747259
Q((9, 10, 1)): [ -9.73315833 -10.24650042  -9.19279825]
V((9, 10, 2)): -9.733158334409895
Q((9, 10, 2)): [ -9.73315833 -10.24650042 -10.7341754 ]
V((9, 10, 3)): -9.733158334409895
Q((9, 10, 3)): [-10.24650042  -9.73315833 -11.19746663]
V((9, 11, 0)): -8.623998154470799
Q((9, 11, 0)): [-9.73315833 -9.19279825 -8.62399815]
V((9, 11, 1)): -8.623998154470799
Q((9, 11, 1)): [-9.19279825 -9.73315833 -8.62399815]
V((9, 11, 2)): -9.192798246747259
Q((9, 11, 2)): [ -9.19279825  -9.73315833 -10.24650042]
V((9, 11, 3)): -9.192798246747259
Q((9, 11, 3)): [ -9.73315833  -9.19279825 -10.24650042]
V((9, 12, 0)): -8.02526121523242
Q((9, 12, 0)): [-9.19279825 -8.62399815 -8.02526122]
V((9, 12, 1)): -8.02526121523242
Q((9, 12, 1)): [-8.62399815 -9.19279825 -8.02526122]
V((9, 12, 2)): -8.623998154470799
Q((9, 12, 2)): [-8.62399815 -9.19279825 -9.73315833]
V((9, 12, 3)): -8.623998154470799
Q((9, 12, 3)): [-9.19279825 -8.62399815 -9.73315833]
V((9, 13, 0)): -7.395011805507812
Q((9, 13, 0)): [-8.62399815 -8.02526122 -7.39501181]
V((9, 13, 1)): -7.395011805507812
Q((9, 13, 1)): [-8.02526122 -8.62399815 -7.39501181]
V((9, 13, 2)): -8.02526121523242
Q((9, 13, 2)): [-8.02526122 -8.62399815 -9.19279825]
V((9, 13, 3)): -8.02526121523242
Q((9, 13, 3)): [-8.62399815 -8.02526122 -9.19279825]
V((9, 14, 0)): -7.395011805507812
Q((9, 14, 0)): [-8.62399815 -7.39501181 -7.39501181]
V((9, 14, 1)): -6.731591374218749
Q((9, 14, 1)): [-8.02526122 -8.02526122 -6.73159137]
V((9, 14, 2)): -7.395011805507812
Q((9, 14, 2)): [-7.39501181 -8.62399815 -8.62399815]
V((9, 14, 3)): -8.02526121523242
Q((9, 14, 3)): [-8.02526122 -8.02526122 -8.62399815]
V((9, 15, 0)): -5.298162187499999
Q((9, 15, 0)): [-6.73159137 -6.73159137 -5.29816219]
V((9, 15, 1)): -6.033254078124999
Q((9, 15, 1)): [-6.03325408 -7.39501181 -6.73159137]
V((9, 15, 2)): -6.731591374218749
Q((9, 15, 2)): [-6.73159137 -6.73159137 -8.02526122]
V((9, 15, 3)): -6.033254078124999
Q((9, 15, 3)): [-7.39501181 -6.03325408 -8.62399815]
V((10, 1, 0)): -14.160219513224538
Q((10, 1, 0)): [-14.72959811 -14.16021951 -14.16021951]
V((10, 1, 1)): -13.852862645499515
Q((10, 1, 1)): [-14.45220854 -14.45220854 -13.85286265]
V((10, 1, 2)): -14.160219513224538
Q((10, 1, 2)): [-14.16021951 -14.72959811 -14.72959811]
V((10, 1, 3)): -14.45220853756331
Q((10, 1, 3)): [-14.45220854 -14.45220854 -14.72959811]
V((10, 2, 0)): -13.188767474237693
Q((10, 2, 0)): [-13.85286265 -13.85286265 -13.18876747]
V((10, 2, 1)): -13.529329100525807
Q((10, 2, 1)): [-13.5293291  -14.16021951 -13.5293291 ]
V((10, 2, 2)): -13.852862645499515
Q((10, 2, 2)): [-13.85286265 -13.85286265 -14.45220854]
V((10, 2, 3)): -13.529329100525807
Q((10, 2, 3)): [-14.16021951 -13.5293291  -14.72959811]
V((10, 3, 0)): -12.83028155182915
Q((10, 3, 0)): [-13.5293291  -13.5293291  -12.83028155]
V((10, 3, 1)): -13.188767474237693
Q((10, 3, 1)): [-13.18876747 -13.85286265 -13.18876747]
V((10, 3, 2)): -13.529329100525807
Q((10, 3, 2)): [-13.5293291  -13.5293291  -14.16021951]
V((10, 3, 3)): -13.188767474237693
Q((10, 3, 3)): [-13.85286265 -13.18876747 -13.85286265]
V((10, 4, 0)): -12.452927949293844
Q((10, 4, 0)): [-13.18876747 -13.18876747 -12.45292795]
V((10, 4, 1)): -12.83028155182915
Q((10, 4, 1)): [-12.83028155 -13.5293291  -13.18876747]
V((10, 4, 2)): -13.188767474237693
Q((10, 4, 2)): [-13.18876747 -13.18876747 -13.85286265]
V((10, 4, 3)): -12.83028155182915
Q((10, 4, 3)): [-13.5293291  -12.83028155 -13.5293291 ]
V((10, 6, 0)): -11.197466626964683
Q((10, 6, 0)): [-12.05571363 -11.19746663 -11.19746663]
V((10, 6, 1)): -10.73417539680493
Q((10, 6, 1)): [-11.6375933 -11.6375933 -10.7341754]
V((10, 6, 2)): -11.197466626964683
Q((10, 6, 2)): [-11.19746663 -12.05571363 -12.05571363]
V((10, 6, 3)): -11.63759329561645
Q((10, 6, 3)): [-11.6375933  -11.6375933  -12.05571363]
V((10, 7, 0)): -10.73417539680493
Q((10, 7, 0)): [-11.6375933 -10.7341754 -10.7341754]
V((10, 7, 1)): -10.2465004176894
Q((10, 7, 1)): [-11.19746663 -11.19746663 -10.24650042]
V((10, 7, 2)): -10.73417539680493
Q((10, 7, 2)): [-10.7341754 -11.6375933 -11.6375933]
V((10, 7, 3)): -11.197466626964683
Q((10, 7, 3)): [-11.19746663 -11.19746663 -12.05571363]
V((10, 8, 0)): -10.2465004176894
Q((10, 8, 0)): [-11.19746663 -10.24650042 -10.24650042]
V((10, 8, 1)): -9.733158334409895
Q((10, 8, 1)): [-10.7341754  -10.7341754   -9.73315833]
V((10, 8, 2)): -10.2465004176894
Q((10, 8, 2)): [-10.24650042 -11.19746663 -11.19746663]
V((10, 8, 3)): -10.73417539680493
Q((10, 8, 3)): [-10.7341754 -10.7341754 -11.6375933]
V((10, 9, 0)): -9.733158334409895
Q((10, 9, 0)): [-10.7341754   -9.73315833  -9.73315833]
V((10, 9, 1)): -9.192798246747259
Q((10, 9, 1)): [-10.24650042 -10.24650042  -9.19279825]
V((10, 9, 2)): -9.733158334409895
Q((10, 9, 2)): [ -9.73315833 -10.7341754  -10.7341754 ]
V((10, 9, 3)): -10.2465004176894
Q((10, 9, 3)): [-10.24650042 -10.24650042 -11.19746663]
V((10, 10, 0)): -8.623998154470799
Q((10, 10, 0)): [-9.73315833 -9.19279825 -8.62399815]
V((10, 10, 1)): -8.623998154470799
Q((10, 10, 1)): [-9.19279825 -9.73315833 -8.62399815]
V((10, 10, 2)): -9.192798246747259
Q((10, 10, 2)): [ -9.19279825  -9.73315833 -10.24650042]
V((10, 10, 3)): -9.192798246747259
Q((10, 10, 3)): [ -9.73315833  -9.19279825 -10.7341754 ]
V((10, 11, 0)): -8.02526121523242
Q((10, 11, 0)): [-9.19279825 -8.62399815 -8.02526122]
V((10, 11, 1)): -8.02526121523242
Q((10, 11, 1)): [-8.62399815 -9.19279825 -8.02526122]
V((10, 11, 2)): -8.623998154470799
Q((10, 11, 2)): [-8.62399815 -9.19279825 -9.73315833]
V((10, 11, 3)): -8.623998154470799
Q((10, 11, 3)): [-9.19279825 -8.62399815 -9.73315833]
V((10, 12, 0)): -7.395011805507812
Q((10, 12, 0)): [-8.62399815 -8.02526122 -7.39501181]
V((10, 12, 1)): -7.395011805507812
Q((10, 12, 1)): [-8.02526122 -8.62399815 -7.39501181]
V((10, 12, 2)): -8.02526121523242
Q((10, 12, 2)): [-8.02526122 -8.62399815 -9.19279825]
V((10, 12, 3)): -8.02526121523242
Q((10, 12, 3)): [-8.62399815 -8.02526122 -9.19279825]
V((10, 13, 0)): -6.731591374218749
Q((10, 13, 0)): [-8.02526122 -7.39501181 -6.73159137]
V((10, 13, 1)): -6.731591374218749
Q((10, 13, 1)): [-7.39501181 -8.02526122 -6.73159137]
V((10, 13, 2)): -7.395011805507812
Q((10, 13, 2)): [-7.39501181 -8.02526122 -8.62399815]
V((10, 13, 3)): -7.395011805507812
Q((10, 13, 3)): [-8.02526122 -7.39501181 -8.62399815]
V((10, 14, 0)): -6.731591374218749
Q((10, 14, 0)): [-8.02526122 -6.73159137 -6.73159137]
V((10, 14, 1)): -6.033254078124999
Q((10, 14, 1)): [-7.39501181 -7.39501181 -6.03325408]
V((10, 14, 2)): -6.731591374218749
Q((10, 14, 2)): [-6.73159137 -8.02526122 -8.02526122]
V((10, 14, 3)): -7.395011805507812
Q((10, 14, 3)): [-7.39501181 -7.39501181 -8.02526122]
V((10, 15, 0)): -4.524381249999999
Q((10, 15, 0)): [-6.03325408 -6.03325408 -4.52438125]
V((10, 15, 1)): -5.298162187499999
Q((10, 15, 1)): [-5.29816219 -6.73159137 -6.03325408]
V((10, 15, 2)): -6.033254078124999
Q((10, 15, 2)): [-6.03325408 -6.03325408 -7.39501181]
V((10, 15, 3)): -5.298162187499999
Q((10, 15, 3)): [-6.73159137 -5.29816219 -8.02526122]
V((11, 1, 0)): -13.852862645499515
Q((11, 1, 0)): [-14.45220854 -13.85286265 -13.85286265]
V((11, 1, 1)): -13.529329100525807
Q((11, 1, 1)): [-14.16021951 -14.16021951 -13.5293291 ]
V((11, 1, 2)): -13.852862645499515
Q((11, 1, 2)): [-13.85286265 -14.45220854 -14.45220854]
V((11, 1, 3)): -14.160219513224538
Q((11, 1, 3)): [-14.16021951 -14.16021951 -14.45220854]
V((11, 2, 0)): -12.83028155182915
Q((11, 2, 0)): [-13.5293291  -13.5293291  -12.83028155]
V((11, 2, 1)): -13.188767474237693
Q((11, 2, 1)): [-13.18876747 -13.85286265 -13.18876747]
V((11, 2, 2)): -13.529329100525807
Q((11, 2, 2)): [-13.5293291  -13.5293291  -14.16021951]
V((11, 2, 3)): -13.188767474237693
Q((11, 2, 3)): [-13.85286265 -13.18876747 -14.45220854]
V((11, 3, 0)): -12.452927949293844
Q((11, 3, 0)): [-13.18876747 -13.18876747 -12.45292795]
V((11, 3, 1)): -12.83028155182915
Q((11, 3, 1)): [-12.83028155 -13.5293291  -12.83028155]
V((11, 3, 2)): -13.188767474237693
Q((11, 3, 2)): [-13.18876747 -13.18876747 -13.85286265]
V((11, 3, 3)): -12.83028155182915
Q((11, 3, 3)): [-13.5293291  -12.83028155 -13.5293291 ]
V((11, 4, 0)): -12.055713630835626
Q((11, 4, 0)): [-12.83028155 -12.83028155 -12.05571363]
V((11, 4, 1)): -12.452927949293844
Q((11, 4, 1)): [-12.45292795 -13.18876747 -12.83028155]
V((11, 4, 2)): -12.83028155182915
Q((11, 4, 2)): [-12.83028155 -12.83028155 -13.5293291 ]
V((11, 4, 3)): -12.452927949293844
Q((11, 4, 3)): [-13.18876747 -12.45292795 -13.18876747]
V((11, 6, 0)): -10.73417539680493
Q((11, 6, 0)): [-11.6375933 -10.7341754 -10.7341754]
V((11, 6, 1)): -10.2465004176894
Q((11, 6, 1)): [-11.19746663 -11.19746663 -10.24650042]
V((11, 6, 2)): -10.73417539680493
Q((11, 6, 2)): [-10.7341754 -11.6375933 -11.6375933]
V((11, 6, 3)): -11.197466626964683
Q((11, 6, 3)): [-11.19746663 -11.19746663 -11.6375933 ]
V((11, 7, 0)): -10.2465004176894
Q((11, 7, 0)): [-11.19746663 -10.24650042 -10.24650042]
V((11, 7, 1)): -9.733158334409895
Q((11, 7, 1)): [-10.7341754  -10.7341754   -9.73315833]
V((11, 7, 2)): -10.2465004176894
Q((11, 7, 2)): [-10.24650042 -11.19746663 -11.19746663]
V((11, 7, 3)): -10.73417539680493
Q((11, 7, 3)): [-10.7341754 -10.7341754 -11.6375933]
V((11, 8, 0)): -9.733158334409895
Q((11, 8, 0)): [-10.7341754   -9.73315833  -9.73315833]
V((11, 8, 1)): -9.192798246747259
Q((11, 8, 1)): [-10.24650042 -10.24650042  -9.19279825]
V((11, 8, 2)): -9.733158334409895
Q((11, 8, 2)): [ -9.73315833 -10.7341754  -10.7341754 ]
V((11, 8, 3)): -10.2465004176894
Q((11, 8, 3)): [-10.24650042 -10.24650042 -11.19746663]
V((11, 9, 0)): -9.192798246747259
Q((11, 9, 0)): [-10.24650042  -9.19279825  -9.19279825]
V((11, 9, 1)): -8.623998154470799
Q((11, 9, 1)): [-9.73315833 -9.73315833 -8.62399815]
V((11, 9, 2)): -9.192798246747259
Q((11, 9, 2)): [ -9.19279825 -10.24650042 -10.24650042]
V((11, 9, 3)): -9.733158334409895
Q((11, 9, 3)): [ -9.73315833  -9.73315833 -10.7341754 ]
V((11, 10, 0)): -8.02526121523242
Q((11, 10, 0)): [-9.19279825 -8.62399815 -8.02526122]
V((11, 10, 1)): -8.02526121523242
Q((11, 10, 1)): [-8.62399815 -9.19279825 -8.02526122]
V((11, 10, 2)): -8.623998154470799
Q((11, 10, 2)): [-8.62399815 -9.19279825 -9.73315833]
V((11, 10, 3)): -8.623998154470799
Q((11, 10, 3)): [ -9.19279825  -8.62399815 -10.24650042]
V((11, 11, 0)): -7.395011805507812
Q((11, 11, 0)): [-8.62399815 -8.02526122 -7.39501181]
V((11, 11, 1)): -7.395011805507812
Q((11, 11, 1)): [-8.02526122 -8.62399815 -7.39501181]
V((11, 11, 2)): -8.02526121523242
Q((11, 11, 2)): [-8.02526122 -8.62399815 -9.19279825]
V((11, 11, 3)): -8.02526121523242
Q((11, 11, 3)): [-8.62399815 -8.02526122 -9.19279825]
V((11, 12, 0)): -6.731591374218749
Q((11, 12, 0)): [-8.02526122 -7.39501181 -6.73159137]
V((11, 12, 1)): -6.731591374218749
Q((11, 12, 1)): [-7.39501181 -8.02526122 -6.73159137]
V((11, 12, 2)): -7.395011805507812
Q((11, 12, 2)): [-7.39501181 -8.02526122 -8.62399815]
V((11, 12, 3)): -7.395011805507812
Q((11, 12, 3)): [-8.02526122 -7.39501181 -8.62399815]
V((11, 13, 0)): -6.033254078124999
Q((11, 13, 0)): [-7.39501181 -6.73159137 -6.03325408]
V((11, 13, 1)): -6.033254078124999
Q((11, 13, 1)): [-6.73159137 -7.39501181 -6.03325408]
V((11, 13, 2)): -6.731591374218749
Q((11, 13, 2)): [-6.73159137 -7.39501181 -8.02526122]
V((11, 13, 3)): -6.731591374218749
Q((11, 13, 3)): [-7.39501181 -6.73159137 -8.02526122]
V((11, 14, 0)): -6.033254078124999
Q((11, 14, 0)): [-7.39501181 -6.03325408 -6.03325408]
V((11, 14, 1)): -5.298162187499999
Q((11, 14, 1)): [-6.73159137 -6.73159137 -5.29816219]
V((11, 14, 2)): -6.033254078124999
Q((11, 14, 2)): [-6.03325408 -7.39501181 -7.39501181]
V((11, 14, 3)): -6.731591374218749
Q((11, 14, 3)): [-6.73159137 -6.73159137 -7.39501181]
V((11, 15, 0)): -3.709875
Q((11, 15, 0)): [-5.29816219 -5.29816219 -3.709875  ]
V((11, 15, 1)): -4.524381249999999
Q((11, 15, 1)): [-4.52438125 -6.03325408 -5.29816219]
V((11, 15, 2)): -5.298162187499999
Q((11, 15, 2)): [-5.29816219 -5.29816219 -6.73159137]
V((11, 15, 3)): -4.524381249999999
Q((11, 15, 3)): [-6.03325408 -4.52438125 -7.39501181]
V((12, 1, 0)): -13.529329100525807
Q((12, 1, 0)): [-14.16021951 -13.5293291  -13.5293291 ]
V((12, 1, 1)): -13.188767474237693
Q((12, 1, 1)): [-13.85286265 -13.85286265 -13.18876747]
V((12, 1, 2)): -13.529329100525807
Q((12, 1, 2)): [-13.5293291  -14.16021951 -14.16021951]
V((12, 1, 3)): -13.852862645499515
Q((12, 1, 3)): [-13.85286265 -13.85286265 -14.16021951]
V((12, 2, 0)): -12.452927949293844
Q((12, 2, 0)): [-13.18876747 -13.18876747 -12.45292795]
V((12, 2, 1)): -12.83028155182915
Q((12, 2, 1)): [-12.83028155 -13.5293291  -12.83028155]
V((12, 2, 2)): -13.188767474237693
Q((12, 2, 2)): [-13.18876747 -13.18876747 -13.85286265]
V((12, 2, 3)): -12.83028155182915
Q((12, 2, 3)): [-13.5293291  -12.83028155 -14.16021951]
V((12, 3, 0)): -12.055713630835626
Q((12, 3, 0)): [-12.83028155 -12.83028155 -12.05571363]
V((12, 3, 1)): -12.452927949293844
Q((12, 3, 1)): [-12.45292795 -13.18876747 -12.45292795]
V((12, 3, 2)): -12.83028155182915
Q((12, 3, 2)): [-12.83028155 -12.83028155 -13.5293291 ]
V((12, 3, 3)): -12.452927949293844
Q((12, 3, 3)): [-13.18876747 -12.45292795 -13.18876747]
V((12, 4, 0)): -11.63759329561645
Q((12, 4, 0)): [-12.45292795 -12.45292795 -11.6375933 ]
V((12, 4, 1)): -12.055713630835626
Q((12, 4, 1)): [-12.05571363 -12.83028155 -12.45292795]
V((12, 4, 2)): -12.452927949293844
Q((12, 4, 2)): [-12.45292795 -12.45292795 -13.18876747]
V((12, 4, 3)): -12.055713630835626
Q((12, 4, 3)): [-12.83028155 -12.05571363 -12.83028155]
V((12, 6, 0)): -10.2465004176894
Q((12, 6, 0)): [-11.19746663 -10.24650042 -10.24650042]
V((12, 6, 1)): -9.733158334409895
Q((12, 6, 1)): [-10.7341754  -10.7341754   -9.73315833]
V((12, 6, 2)): -10.2465004176894
Q((12, 6, 2)): [-10.24650042 -11.19746663 -11.19746663]
V((12, 6, 3)): -10.73417539680493
Q((12, 6, 3)): [-10.7341754  -10.7341754  -11.19746663]
V((12, 7, 0)): -9.733158334409895
Q((12, 7, 0)): [-10.7341754   -9.73315833  -9.73315833]
V((12, 7, 1)): -9.192798246747259
Q((12, 7, 1)): [-10.24650042 -10.24650042  -9.19279825]
V((12, 7, 2)): -9.733158334409895
Q((12, 7, 2)): [ -9.73315833 -10.7341754  -10.7341754 ]
V((12, 7, 3)): -10.2465004176894
Q((12, 7, 3)): [-10.24650042 -10.24650042 -11.19746663]
V((12, 8, 0)): -9.192798246747259
Q((12, 8, 0)): [-10.24650042  -9.19279825  -9.19279825]
V((12, 8, 1)): -8.623998154470799
Q((12, 8, 1)): [-9.73315833 -9.73315833 -8.62399815]
V((12, 8, 2)): -9.192798246747259
Q((12, 8, 2)): [ -9.19279825 -10.24650042 -10.24650042]
V((12, 8, 3)): -9.733158334409895
Q((12, 8, 3)): [ -9.73315833  -9.73315833 -10.7341754 ]
V((12, 9, 0)): -8.623998154470799
Q((12, 9, 0)): [-9.73315833 -8.62399815 -8.62399815]
V((12, 9, 1)): -8.02526121523242
Q((12, 9, 1)): [-9.19279825 -9.19279825 -8.02526122]
V((12, 9, 2)): -8.623998154470799
Q((12, 9, 2)): [-8.62399815 -9.73315833 -9.73315833]
V((12, 9, 3)): -9.192798246747259
Q((12, 9, 3)): [ -9.19279825  -9.19279825 -10.24650042]
V((12, 10, 0)): -7.395011805507812
Q((12, 10, 0)): [-8.62399815 -8.02526122 -7.39501181]
V((12, 10, 1)): -7.395011805507812
Q((12, 10, 1)): [-8.02526122 -8.62399815 -7.39501181]
V((12, 10, 2)): -8.02526121523242
Q((12, 10, 2)): [-8.02526122 -8.62399815 -9.19279825]
V((12, 10, 3)): -8.02526121523242
Q((12, 10, 3)): [-8.62399815 -8.02526122 -9.73315833]
V((12, 11, 0)): -6.731591374218749
Q((12, 11, 0)): [-8.02526122 -7.39501181 -6.73159137]
V((12, 11, 1)): -6.731591374218749
Q((12, 11, 1)): [-7.39501181 -8.02526122 -6.73159137]
V((12, 11, 2)): -7.395011805507812
Q((12, 11, 2)): [-7.39501181 -8.02526122 -8.62399815]
V((12, 11, 3)): -7.395011805507812
Q((12, 11, 3)): [-8.02526122 -7.39501181 -8.62399815]
V((12, 12, 0)): -6.033254078124999
Q((12, 12, 0)): [-7.39501181 -6.73159137 -6.03325408]
V((12, 12, 1)): -6.033254078124999
Q((12, 12, 1)): [-6.73159137 -7.39501181 -6.03325408]
V((12, 12, 2)): -6.731591374218749
Q((12, 12, 2)): [-6.73159137 -7.39501181 -8.02526122]
V((12, 12, 3)): -6.731591374218749
Q((12, 12, 3)): [-7.39501181 -6.73159137 -8.02526122]
V((12, 13, 0)): -5.298162187499999
Q((12, 13, 0)): [-6.73159137 -6.03325408 -5.29816219]
V((12, 13, 1)): -5.298162187499999
Q((12, 13, 1)): [-6.03325408 -6.73159137 -5.29816219]
V((12, 13, 2)): -6.033254078124999
Q((12, 13, 2)): [-6.03325408 -6.73159137 -7.39501181]
V((12, 13, 3)): -6.033254078124999
Q((12, 13, 3)): [-6.73159137 -6.03325408 -7.39501181]
V((12, 14, 0)): -5.298162187499999
Q((12, 14, 0)): [-6.73159137 -5.29816219 -5.29816219]
V((12, 14, 1)): -4.524381249999999
Q((12, 14, 1)): [-6.03325408 -6.03325408 -4.52438125]
V((12, 14, 2)): -5.298162187499999
Q((12, 14, 2)): [-5.29816219 -6.73159137 -6.73159137]
V((12, 14, 3)): -6.033254078124999
Q((12, 14, 3)): [-6.03325408 -6.03325408 -6.73159137]
V((12, 15, 0)): -2.8525
Q((12, 15, 0)): [-4.52438125 -4.52438125 -2.8525    ]
V((12, 15, 1)): -3.709875
Q((12, 15, 1)): [-3.709875   -5.29816219 -4.52438125]
V((12, 15, 2)): -4.524381249999999
Q((12, 15, 2)): [-4.52438125 -4.52438125 -6.03325408]
V((12, 15, 3)): -3.709875
Q((12, 15, 3)): [-5.29816219 -3.709875   -6.73159137]
V((13, 1, 0)): -13.188767474237693
Q((13, 1, 0)): [-13.85286265 -13.18876747 -13.5293291 ]
V((13, 1, 1)): -12.83028155182915
Q((13, 1, 1)): [-13.5293291  -13.5293291  -12.83028155]
V((13, 1, 2)): -13.188767474237693
Q((13, 1, 2)): [-13.18876747 -13.85286265 -13.85286265]
V((13, 1, 3)): -13.529329100525807
Q((13, 1, 3)): [-13.5293291  -13.5293291  -13.85286265]
V((13, 2, 0)): -12.055713630835626
Q((13, 2, 0)): [-12.83028155 -12.83028155 -12.05571363]
V((13, 2, 1)): -12.452927949293844
Q((13, 2, 1)): [-12.45292795 -13.18876747 -12.45292795]
V((13, 2, 2)): -12.83028155182915
Q((13, 2, 2)): [-12.83028155 -12.83028155 -13.5293291 ]
V((13, 2, 3)): -12.452927949293844
Q((13, 2, 3)): [-13.18876747 -12.45292795 -13.85286265]
V((13, 3, 0)): -11.63759329561645
Q((13, 3, 0)): [-12.45292795 -12.45292795 -11.6375933 ]
V((13, 3, 1)): -12.055713630835626
Q((13, 3, 1)): [-12.05571363 -12.83028155 -12.05571363]
V((13, 3, 2)): -12.452927949293844
Q((13, 3, 2)): [-12.45292795 -12.45292795 -13.18876747]
V((13, 3, 3)): -12.055713630835626
Q((13, 3, 3)): [-12.83028155 -12.05571363 -12.83028155]
V((13, 4, 0)): -11.197466626964683
Q((13, 4, 0)): [-12.05571363 -12.05571363 -11.19746663]
V((13, 4, 1)): -11.63759329561645
Q((13, 4, 1)): [-11.6375933  -12.45292795 -12.05571363]
V((13, 4, 2)): -12.055713630835626
Q((13, 4, 2)): [-12.05571363 -12.05571363 -12.83028155]
V((13, 4, 3)): -11.63759329561645
Q((13, 4, 3)): [-12.45292795 -11.6375933  -12.45292795]
V((13, 6, 0)): -9.733158334409895
Q((13, 6, 0)): [-10.7341754   -9.73315833 -10.24650042]
V((13, 6, 1)): -9.192798246747259
Q((13, 6, 1)): [-10.24650042 -10.24650042  -9.19279825]
V((13, 6, 2)): -9.733158334409895
Q((13, 6, 2)): [ -9.73315833 -10.7341754  -10.7341754 ]
V((13, 6, 3)): -10.2465004176894
Q((13, 6, 3)): [-10.24650042 -10.24650042 -10.7341754 ]
V((13, 7, 0)): -9.192798246747259
Q((13, 7, 0)): [-10.24650042  -9.19279825  -9.73315833]
V((13, 7, 1)): -8.623998154470799
Q((13, 7, 1)): [-9.73315833 -9.73315833 -8.62399815]
V((13, 7, 2)): -9.192798246747259
Q((13, 7, 2)): [ -9.19279825 -10.24650042 -10.24650042]
V((13, 7, 3)): -9.733158334409895
Q((13, 7, 3)): [ -9.73315833  -9.73315833 -10.7341754 ]
V((13, 8, 0)): -8.623998154470799
Q((13, 8, 0)): [-9.73315833 -8.62399815 -9.19279825]
V((13, 8, 1)): -8.02526121523242
Q((13, 8, 1)): [-9.19279825 -9.19279825 -8.02526122]
V((13, 8, 2)): -8.623998154470799
Q((13, 8, 2)): [-8.62399815 -9.73315833 -9.73315833]
V((13, 8, 3)): -9.192798246747259
Q((13, 8, 3)): [ -9.19279825  -9.19279825 -10.24650042]
V((13, 9, 0)): -8.02526121523242
Q((13, 9, 0)): [-9.19279825 -8.02526122 -8.62399815]
V((13, 9, 1)): -7.395011805507812
Q((13, 9, 1)): [-8.62399815 -8.62399815 -7.39501181]
V((13, 9, 2)): -8.02526121523242
Q((13, 9, 2)): [-8.02526122 -9.19279825 -9.19279825]
V((13, 9, 3)): -8.623998154470799
Q((13, 9, 3)): [-8.62399815 -8.62399815 -9.73315833]
V((13, 10, 0)): -6.731591374218749
Q((13, 10, 0)): [-8.02526122 -7.39501181 -6.73159137]
V((13, 10, 1)): -6.731591374218749
Q((13, 10, 1)): [-7.39501181 -8.02526122 -6.73159137]
V((13, 10, 2)): -7.395011805507812
Q((13, 10, 2)): [-7.39501181 -8.02526122 -8.62399815]
V((13, 10, 3)): -7.395011805507812
Q((13, 10, 3)): [-8.02526122 -7.39501181 -9.19279825]
V((13, 11, 0)): -6.033254078124999
Q((13, 11, 0)): [-7.39501181 -6.73159137 -6.03325408]
V((13, 11, 1)): -6.033254078124999
Q((13, 11, 1)): [-6.73159137 -7.39501181 -6.03325408]
V((13, 11, 2)): -6.731591374218749
Q((13, 11, 2)): [-6.73159137 -7.39501181 -8.02526122]
V((13, 11, 3)): -6.731591374218749
Q((13, 11, 3)): [-7.39501181 -6.73159137 -8.02526122]
V((13, 12, 0)): -5.298162187499999
Q((13, 12, 0)): [-6.73159137 -6.03325408 -5.29816219]
V((13, 12, 1)): -5.298162187499999
Q((13, 12, 1)): [-6.03325408 -6.73159137 -5.29816219]
V((13, 12, 2)): -6.033254078124999
Q((13, 12, 2)): [-6.03325408 -6.73159137 -7.39501181]
V((13, 12, 3)): -6.033254078124999
Q((13, 12, 3)): [-6.73159137 -6.03325408 -7.39501181]
V((13, 13, 0)): -4.524381249999999
Q((13, 13, 0)): [-6.03325408 -5.29816219 -4.52438125]
V((13, 13, 1)): -4.524381249999999
Q((13, 13, 1)): [-5.29816219 -6.03325408 -4.52438125]
V((13, 13, 2)): -5.298162187499999
Q((13, 13, 2)): [-5.29816219 -6.03325408 -6.73159137]
V((13, 13, 3)): -5.298162187499999
Q((13, 13, 3)): [-6.03325408 -5.29816219 -6.73159137]
V((13, 14, 0)): -4.524381249999999
Q((13, 14, 0)): [  -6.03325408   -4.52438125 -214.75      ]
V((13, 14, 1)): -3.709875
Q((13, 14, 1)): [-5.29816219 -5.29816219 -3.709875  ]
V((13, 14, 2)): -4.524381249999999
Q((13, 14, 2)): [-4.52438125 -6.03325408 -6.03325408]
V((13, 14, 3)): -5.298162187499999
Q((13, 14, 3)): [-5.29816219 -5.29816219 -6.03325408]
V((13, 15, 0)): -1.95
Q((13, 15, 0)): [-3.709875 -3.709875 -1.95    ]
V((13, 15, 1)): -2.8525
Q((13, 15, 1)): [-2.8525     -4.52438125 -3.709875  ]
V((13, 15, 2)): -3.709875
Q((13, 15, 2)): [-3.709875   -3.709875   -5.29816219]
V((13, 15, 3)): -2.8525
Q((13, 15, 3)): [-4.52438125 -2.8525     -6.03325408]
V((14, 2, 0)): -11.63759329561645
Q((14, 2, 0)): [-12.45292795 -11.6375933  -13.18876747]
V((14, 2, 1)): -11.197466626964683
Q((14, 2, 1)): [-12.05571363 -12.05571363 -11.19746663]
V((14, 2, 2)): -11.63759329561645
Q((14, 2, 2)): [-11.6375933  -12.45292795 -13.18876747]
V((14, 2, 3)): -12.055713630835626
Q((14, 2, 3)): [-12.05571363 -12.05571363 -12.45292795]
V((14, 3, 0)): -11.197466626964683
Q((14, 3, 0)): [-12.05571363 -11.19746663 -12.83028155]
V((14, 3, 1)): -10.73417539680493
Q((14, 3, 1)): [-11.6375933 -11.6375933 -10.7341754]
V((14, 3, 2)): -11.197466626964683
Q((14, 3, 2)): [-11.19746663 -12.05571363 -12.83028155]
V((14, 3, 3)): -11.63759329561645
Q((14, 3, 3)): [-11.6375933  -11.6375933  -12.45292795]
V((14, 4, 0)): -10.73417539680493
Q((14, 4, 0)): [-11.6375933  -10.7341754  -12.45292795]
V((14, 4, 1)): -10.2465004176894
Q((14, 4, 1)): [-11.19746663 -11.19746663 -10.24650042]
V((14, 4, 2)): -10.73417539680493
Q((14, 4, 2)): [-10.7341754  -11.6375933  -12.45292795]
V((14, 4, 3)): -11.197466626964683
Q((14, 4, 3)): [-11.19746663 -11.19746663 -12.05571363]
V((14, 5, 0)): -10.2465004176894
Q((14, 5, 0)): [-11.19746663 -10.24650042 -12.05571363]
V((14, 5, 1)): -9.733158334409895
Q((14, 5, 1)): [-10.7341754  -10.7341754   -9.73315833]
V((14, 5, 2)): -10.2465004176894
Q((14, 5, 2)): [-10.24650042 -11.19746663 -10.7341754 ]
V((14, 5, 3)): -10.73417539680493
Q((14, 5, 3)): [-10.7341754 -10.7341754 -11.6375933]
V((14, 6, 0)): -9.733158334409895
Q((14, 6, 0)): [-10.7341754   -9.73315833 -11.6375933 ]
V((14, 6, 1)): -9.192798246747259
Q((14, 6, 1)): [-10.24650042 -10.24650042  -9.19279825]
V((14, 6, 2)): -9.733158334409895
Q((14, 6, 2)): [ -9.73315833 -10.7341754  -10.24650042]
V((14, 6, 3)): -10.2465004176894
Q((14, 6, 3)): [-10.24650042 -10.24650042 -11.19746663]
V((14, 7, 0)): -9.192798246747259
Q((14, 7, 0)): [-10.24650042  -9.19279825 -11.19746663]
V((14, 7, 1)): -8.623998154470799
Q((14, 7, 1)): [-9.73315833 -9.73315833 -8.62399815]
V((14, 7, 2)): -9.192798246747259
Q((14, 7, 2)): [ -9.19279825 -10.24650042  -9.73315833]
V((14, 7, 3)): -9.733158334409895
Q((14, 7, 3)): [ -9.73315833  -9.73315833 -10.7341754 ]
V((14, 8, 0)): -8.623998154470799
Q((14, 8, 0)): [ -9.73315833  -8.62399815 -10.7341754 ]
V((14, 8, 1)): -8.02526121523242
Q((14, 8, 1)): [-9.19279825 -9.19279825 -8.02526122]
V((14, 8, 2)): -8.623998154470799
Q((14, 8, 2)): [-8.62399815 -9.73315833 -9.19279825]
V((14, 8, 3)): -9.192798246747259
Q((14, 8, 3)): [ -9.19279825  -9.19279825 -10.24650042]
V((14, 9, 0)): -8.02526121523242
Q((14, 9, 0)): [-9.19279825 -8.02526122 -8.62399815]
V((14, 9, 1)): -7.395011805507812
Q((14, 9, 1)): [-8.62399815 -8.62399815 -7.39501181]
V((14, 9, 2)): -8.02526121523242
Q((14, 9, 2)): [-8.02526122 -9.19279825 -8.62399815]
V((14, 9, 3)): -8.623998154470799
Q((14, 9, 3)): [-8.62399815 -8.62399815 -9.73315833]
V((14, 10, 0)): -6.033254078124999
Q((14, 10, 0)): [-7.39501181 -7.39501181 -6.03325408]
V((14, 10, 1)): -6.731591374218749
Q((14, 10, 1)): [-6.73159137 -8.02526122 -6.73159137]
V((14, 10, 2)): -7.395011805507812
Q((14, 10, 2)): [-7.39501181 -7.39501181 -8.02526122]
V((14, 10, 3)): -6.731591374218749
Q((14, 10, 3)): [-8.02526122 -6.73159137 -9.19279825]
V((14, 11, 0)): -5.298162187499999
Q((14, 11, 0)): [-6.73159137 -6.73159137 -5.29816219]
V((14, 11, 1)): -6.033254078124999
Q((14, 11, 1)): [-6.03325408 -7.39501181 -6.03325408]
V((14, 11, 2)): -6.731591374218749
Q((14, 11, 2)): [-6.73159137 -6.73159137 -7.39501181]
V((14, 11, 3)): -6.033254078124999
Q((14, 11, 3)): [-7.39501181 -6.03325408 -7.39501181]
V((14, 12, 0)): -4.524381249999999
Q((14, 12, 0)): [-6.03325408 -6.03325408 -4.52438125]
V((14, 12, 1)): -5.298162187499999
Q((14, 12, 1)): [-5.29816219 -6.73159137 -5.29816219]
V((14, 12, 2)): -6.033254078124999
Q((14, 12, 2)): [-6.03325408 -6.03325408 -6.73159137]
V((14, 12, 3)): -5.298162187499999
Q((14, 12, 3)): [-6.73159137 -5.29816219 -6.73159137]
V((14, 13, 0)): -3.709875
Q((14, 13, 0)): [-5.29816219 -5.29816219 -3.709875  ]
V((14, 13, 1)): -4.524381249999999
Q((14, 13, 1)): [  -4.52438125   -6.03325408 -214.75      ]
V((14, 13, 2)): -5.298162187499999
Q((14, 13, 2)): [-5.29816219 -5.29816219 -6.03325408]
V((14, 13, 3)): -4.524381249999999
Q((14, 13, 3)): [-6.03325408 -4.52438125 -6.03325408]
V((14, 15, 0)): -1.0
Q((14, 15, 0)): [-2.8525 -2.8525 -1.    ]
V((14, 15, 1)): -1.95
Q((14, 15, 1)): [-1.95     -3.709875 -2.8525  ]
V((14, 15, 2)): -2.8525
Q((14, 15, 2)): [-2.8525     -2.8525     -4.52438125]
V((14, 15, 3)): -1.95
Q((14, 15, 3)): [  -3.709875   -1.95     -214.75    ]
V((15, 1, 0)): -13.188767474237693
Q((15, 1, 0)): [-13.85286265 -13.18876747 -13.5293291 ]
V((15, 1, 1)): -12.83028155182915
Q((15, 1, 1)): [-13.5293291  -13.5293291  -12.83028155]
V((15, 1, 2)): -13.188767474237693
Q((15, 1, 2)): [-13.18876747 -13.85286265 -13.5293291 ]
V((15, 1, 3)): -13.529329100525807
Q((15, 1, 3)): [-13.5293291  -13.5293291  -13.85286265]
V((15, 2, 0)): -12.83028155182915
Q((15, 2, 0)): [-12.83028155 -12.83028155 -13.18876747]
V((15, 2, 1)): -12.452927949293844
Q((15, 2, 1)): [-13.18876747 -12.45292795 -12.45292795]
V((15, 2, 2)): -12.055713630835626
Q((15, 2, 2)): [-12.83028155 -12.83028155 -12.05571363]
V((15, 2, 3)): -12.452927949293844
Q((15, 2, 3)): [-12.45292795 -13.18876747 -13.85286265]
V((15, 3, 0)): -12.452927949293844
Q((15, 3, 0)): [-12.45292795 -12.45292795 -12.83028155]
V((15, 3, 1)): -12.055713630835626
Q((15, 3, 1)): [-12.83028155 -12.05571363 -12.05571363]
V((15, 3, 2)): -11.63759329561645
Q((15, 3, 2)): [-12.45292795 -12.45292795 -11.6375933 ]
V((15, 3, 3)): -12.055713630835626
Q((15, 3, 3)): [-12.05571363 -12.83028155 -12.83028155]
V((15, 4, 0)): -12.055713630835626
Q((15, 4, 0)): [-12.05571363 -12.05571363 -12.45292795]
V((15, 4, 1)): -11.63759329561645
Q((15, 4, 1)): [-12.45292795 -11.6375933  -11.6375933 ]
V((15, 4, 2)): -11.197466626964683
Q((15, 4, 2)): [-12.05571363 -12.05571363 -11.19746663]
V((15, 4, 3)): -11.63759329561645
Q((15, 4, 3)): [-11.6375933  -12.45292795 -12.45292795]
V((15, 5, 0)): -11.63759329561645
Q((15, 5, 0)): [-11.6375933  -11.6375933  -12.05571363]
V((15, 5, 1)): -11.197466626964683
Q((15, 5, 1)): [-12.05571363 -11.19746663 -11.19746663]
V((15, 5, 2)): -10.73417539680493
Q((15, 5, 2)): [-11.6375933 -11.6375933 -10.7341754]
V((15, 5, 3)): -11.197466626964683
Q((15, 5, 3)): [-11.19746663 -12.05571363 -12.05571363]
V((15, 6, 0)): -11.197466626964683
Q((15, 6, 0)): [-11.19746663 -11.19746663 -11.6375933 ]
V((15, 6, 1)): -10.73417539680493
Q((15, 6, 1)): [-11.6375933 -10.7341754 -10.7341754]
V((15, 6, 2)): -10.2465004176894
Q((15, 6, 2)): [-11.19746663 -11.19746663 -10.24650042]
V((15, 6, 3)): -10.73417539680493
Q((15, 6, 3)): [-10.7341754 -11.6375933 -11.6375933]
V((15, 7, 0)): -10.73417539680493
Q((15, 7, 0)): [-10.7341754  -10.7341754  -11.19746663]
V((15, 7, 1)): -10.2465004176894
Q((15, 7, 1)): [-11.19746663 -10.24650042 -10.24650042]
V((15, 7, 2)): -9.733158334409895
Q((15, 7, 2)): [-10.7341754  -10.7341754   -9.73315833]
V((15, 7, 3)): -10.2465004176894
Q((15, 7, 3)): [-10.24650042 -11.19746663 -11.19746663]
V((15, 8, 0)): -10.2465004176894
Q((15, 8, 0)): [-10.24650042 -10.24650042 -10.7341754 ]
V((15, 8, 1)): -9.733158334409895
Q((15, 8, 1)): [-10.7341754   -9.73315833 -10.24650042]
V((15, 8, 2)): -9.192798246747259
Q((15, 8, 2)): [-10.24650042 -10.24650042  -9.19279825]
V((15, 8, 3)): -9.733158334409895
Q((15, 8, 3)): [ -9.73315833 -10.7341754  -10.7341754 ]
V((15, 10, 0)): -5.298162187499999
Q((15, 10, 0)): [-6.73159137 -5.29816219 -6.03325408]
V((15, 10, 1)): -4.524381249999999
Q((15, 10, 1)): [-6.03325408 -6.03325408 -4.52438125]
V((15, 10, 2)): -5.298162187499999
Q((15, 10, 2)): [-5.29816219 -6.73159137 -8.02526122]
V((15, 10, 3)): -6.033254078124999
Q((15, 10, 3)): [-6.03325408 -6.03325408 -6.73159137]
V((15, 11, 0)): -4.524381249999999
Q((15, 11, 0)): [-6.03325408 -4.52438125 -5.29816219]
V((15, 11, 1)): -3.709875
Q((15, 11, 1)): [-5.29816219 -5.29816219 -3.709875  ]
V((15, 11, 2)): -4.524381249999999
Q((15, 11, 2)): [-4.52438125 -6.03325408 -7.39501181]
V((15, 11, 3)): -5.298162187499999
Q((15, 11, 3)): [-5.29816219 -5.29816219 -6.73159137]
V((15, 12, 0)): -3.709875
Q((15, 12, 0)): [-5.29816219 -3.709875   -4.52438125]
V((15, 12, 1)): -2.8525
Q((15, 12, 1)): [-4.52438125 -4.52438125 -2.8525    ]
V((15, 12, 2)): -3.709875
Q((15, 12, 2)): [-3.709875   -5.29816219 -6.73159137]
V((15, 12, 3)): -4.524381249999999
Q((15, 12, 3)): [-4.52438125 -4.52438125 -6.03325408]
V((15, 13, 0)): -2.8525
Q((15, 13, 0)): [-4.52438125 -2.8525     -3.709875  ]
V((15, 13, 1)): -1.95
Q((15, 13, 1)): [-3.709875 -3.709875 -1.95    ]
V((15, 13, 2)): -2.8525
Q((15, 13, 2)): [-2.8525     -4.52438125 -6.03325408]
V((15, 13, 3)): -3.709875
Q((15, 13, 3)): [-3.709875   -3.709875   -5.29816219]
V((15, 14, 0)): -1.95
Q((15, 14, 0)): [-3.709875 -1.95     -2.8525  ]
V((15, 14, 1)): -1.0
Q((15, 14, 1)): [-2.8525 -2.8525 -1.    ]
V((15, 14, 2)): -1.95
Q((15, 14, 2)): [  -1.95       -3.709875 -214.75    ]
V((15, 14, 3)): -2.8525
Q((15, 14, 3)): [-2.8525     -2.8525     -4.52438125]
V((1, 4, 0)): -225.0
Q((1, 4, 0)): [-225. -225. -225.]
V((1, 4, 1)): -225.0
Q((1, 4, 1)): [-225. -225. -225.]
V((1, 4, 2)): -225.0
Q((1, 4, 2)): [-225. -225. -225.]
V((1, 4, 3)): -225.0
Q((1, 4, 3)): [-225. -225. -225.]
V((7, 1, 0)): -225.0
Q((7, 1, 0)): [-225. -225. -225.]
V((7, 1, 1)): -225.0
Q((7, 1, 1)): [-225. -225. -225.]
V((7, 1, 2)): -225.0
Q((7, 1, 2)): [-225. -225. -225.]
V((7, 1, 3)): -225.0
Q((7, 1, 3)): [-225. -225. -225.]
V((14, 14, 0)): -225.0
Q((14, 14, 0)): [-225. -225. -225.]
V((14, 14, 1)): -225.0
Q((14, 14, 1)): [-225. -225. -225.]
V((14, 14, 2)): -225.0
Q((14, 14, 2)): [-225. -225. -225.]
V((14, 14, 3)): -225.0
Q((14, 14, 3)): [-225. -225. -225.]
V((15, 15, 0)): 0.0
Q((15, 15, 0)): [0. 0. 0.]
V((15, 15, 1)): 0.0
Q((15, 15, 1)): [0. 0. 0.]
V((15, 15, 2)): 0.0
Q((15, 15, 2)): [0. 0. 0.]
V((15, 15, 3)): 0.0
Q((15, 15, 3)): [0. 0. 0.]
